,날짜,종가,전일비,시가,고가,저가,거래량,Unnamed: 0.6,Unnamed: 0.5,Unnamed: 0.4,Unnamed: 0.3,Unnamed: 0.2,Unnamed: 0.1,Unnamed: 0
0,2024.05.07,50300.0,상승  300,50000.0,50900.0,49950.0,2228.0,0.0,0.0,,,,,
1,2024.05.03,50000.0,하락  300,50600.0,51100.0,50000.0,2686.0,1.0,1.0,,,,,
2,2024.05.02,50300.0,상승  300,50000.0,50800.0,49900.0,964.0,2.0,2.0,,,,,
3,2024.04.30,50000.0,보합0,50100.0,50100.0,49600.0,280.0,3.0,3.0,,,,,
4,2024.04.29,50000.0,보합0,50100.0,50100.0,49900.0,320.0,4.0,4.0,0.0,0.0,0.0,0.0,
5,2024.04.26,50000.0,하락  100,50100.0,50100.0,49950.0,357.0,5.0,5.0,1.0,1.0,1.0,1.0,
6,2024.04.25,50100.0,상승  300,49800.0,50300.0,49200.0,314.0,6.0,6.0,2.0,2.0,2.0,2.0,
7,2024.04.24,49800.0,상승  200,49150.0,50000.0,49150.0,358.0,7.0,7.0,3.0,3.0,3.0,3.0,
8,2024.04.23,49600.0,보합0,49600.0,49600.0,49100.0,1179.0,8.0,8.0,4.0,4.0,4.0,4.0,
9,2024.04.22,49600.0,상승  950,49900.0,49900.0,49050.0,2948.0,9.0,9.0,5.0,5.0,5.0,5.0,
10,2024.04.19,48650.0,"하락  1,200",49750.0,49750.0,48650.0,3268.0,10.0,10.0,6.0,6.0,6.0,6.0,
11,2024.04.18,49850.0,상승  200,49850.0,49850.0,49200.0,4553.0,11.0,11.0,7.0,7.0,7.0,7.0,
12,2024.04.17,49650.0,250.0,49900.0,49900.0,49050.0,3676.0,12.0,12.0,8.0,8.0,8.0,8.0,0.0
13,2024.04.16,49900.0,600.0,49900.0,50100.0,49450.0,4647.0,13.0,13.0,9.0,9.0,9.0,9.0,1.0
14,2024.04.15,49300.0,1500.0,49000.0,49800.0,47950.0,11366.0,14.0,14.0,10.0,10.0,10.0,10.0,2.0
15,2024.04.12,47800.0,350.0,48000.0,49000.0,47800.0,3988.0,15.0,15.0,11.0,11.0,11.0,11.0,3.0
16,2024.04.11,48150.0,350.0,48250.0,49000.0,48000.0,5008.0,16.0,16.0,12.0,12.0,12.0,12.0,4.0
17,2024.04.09,48500.0,500.0,50000.0,50200.0,48400.0,3356.0,17.0,17.0,13.0,13.0,13.0,13.0,5.0
18,2024.04.08,49000.0,950.0,50300.0,50900.0,48850.0,4096.0,18.0,18.0,14.0,14.0,14.0,14.0,6.0
19,2024.04.05,49950.0,350.0,50000.0,50100.0,49850.0,257.0,19.0,19.0,15.0,15.0,15.0,15.0,7.0
20,2024.04.04,50300.0,0.0,50200.0,51000.0,49900.0,3518.0,20.0,20.0,16.0,16.0,16.0,16.0,8.0
21,2024.04.03,50300.0,0.0,50200.0,51100.0,49850.0,3140.0,21.0,21.0,17.0,17.0,17.0,17.0,9.0
22,2024.04.02,50300.0,300.0,50600.0,50600.0,50200.0,690.0,22.0,22.0,18.0,18.0,18.0,18.0,10.0
23,2024.04.01,50600.0,200.0,50800.0,51400.0,50300.0,751.0,23.0,23.0,19.0,19.0,19.0,19.0,11.0
24,2024.03.29,50800.0,0.0,51400.0,51400.0,50500.0,383.0,24.0,24.0,20.0,20.0,20.0,20.0,12.0
25,2024.03.28,50800.0,100.0,50800.0,50900.0,50600.0,532.0,25.0,25.0,21.0,21.0,21.0,21.0,13.0
26,2024.03.27,50900.0,200.0,50700.0,51000.0,50500.0,398.0,26.0,26.0,22.0,22.0,22.0,22.0,14.0
27,2024.03.26,50700.0,0.0,50600.0,51100.0,50500.0,815.0,27.0,27.0,23.0,23.0,23.0,23.0,15.0
28,2024.03.25,50700.0,200.0,51400.0,51400.0,50600.0,1309.0,28.0,28.0,24.0,24.0,24.0,24.0,16.0
29,2024.03.22,50900.0,200.0,50600.0,51100.0,50600.0,578.0,29.0,29.0,25.0,25.0,25.0,25.0,17.0
30,2024.03.21,50700.0,300.0,50500.0,51300.0,50300.0,2051.0,30.0,30.0,26.0,26.0,26.0,26.0,18.0
31,2024.03.20,50400.0,200.0,50400.0,50700.0,50300.0,758.0,31.0,31.0,27.0,27.0,27.0,27.0,19.0
32,2024.03.19,50200.0,200.0,50500.0,50500.0,50000.0,898.0,32.0,32.0,28.0,28.0,28.0,28.0,20.0
33,2024.03.18,50400.0,200.0,50300.0,50500.0,50100.0,910.0,33.0,33.0,29.0,29.0,29.0,29.0,21.0
34,2024.03.15,50200.0,100.0,50300.0,50700.0,50200.0,447.0,34.0,34.0,30.0,30.0,30.0,30.0,22.0
35,2024.03.14,50300.0,300.0,50900.0,50900.0,50000.0,1339.0,35.0,35.0,31.0,31.0,31.0,31.0,23.0
36,2024.03.13,50600.0,200.0,50500.0,50600.0,50400.0,566.0,36.0,36.0,32.0,32.0,32.0,32.0,24.0
37,2024.03.12,50400.0,200.0,50300.0,50700.0,50000.0,2600.0,37.0,37.0,33.0,33.0,33.0,33.0,25.0
38,2024.03.11,50200.0,200.0,49700.0,50400.0,49700.0,2188.0,38.0,38.0,34.0,34.0,34.0,34.0,26.0
39,2024.03.08,50000.0,500.0,50400.0,50600.0,49900.0,1377.0,39.0,39.0,35.0,35.0,35.0,35.0,27.0
40,2024.03.07,50500.0,200.0,50900.0,50900.0,49800.0,2546.0,40.0,40.0,36.0,36.0,36.0,36.0,28.0
41,2024.03.06,50700.0,100.0,50900.0,51200.0,50500.0,1258.0,41.0,41.0,37.0,37.0,37.0,37.0,29.0
42,2024.03.05,50800.0,100.0,50600.0,51300.0,50600.0,2100.0,42.0,42.0,38.0,38.0,38.0,38.0,30.0
43,2024.03.04,50900.0,0.0,50600.0,51900.0,50600.0,4660.0,43.0,43.0,39.0,39.0,39.0,39.0,31.0
44,2024.02.29,50900.0,100.0,50800.0,50900.0,50600.0,883.0,44.0,44.0,40.0,40.0,40.0,40.0,32.0
45,2024.02.28,51000.0,200.0,51200.0,51600.0,50100.0,5727.0,45.0,45.0,41.0,41.0,41.0,41.0,33.0
46,2024.02.27,50800.0,1200.0,51500.0,52000.0,50600.0,3385.0,46.0,46.0,42.0,42.0,42.0,42.0,34.0
47,2024.02.26,52000.0,1700.0,53700.0,54200.0,51900.0,5698.0,47.0,47.0,43.0,43.0,43.0,43.0,35.0
48,2024.02.23,53700.0,1400.0,52300.0,54200.0,52000.0,8095.0,48.0,48.0,44.0,44.0,44.0,44.0,36.0
49,2024.02.22,52300.0,200.0,52100.0,52700.0,51600.0,6139.0,49.0,49.0,45.0,45.0,45.0,45.0,37.0
50,2024.02.21,52100.0,800.0,52200.0,53300.0,52000.0,3424.0,50.0,50.0,46.0,46.0,46.0,46.0,38.0
51,2024.02.20,52900.0,400.0,52500.0,53500.0,52100.0,1509.0,51.0,51.0,47.0,47.0,47.0,47.0,39.0
52,2024.02.19,52500.0,1000.0,51500.0,53400.0,51000.0,3971.0,52.0,52.0,48.0,48.0,48.0,48.0,40.0
53,2024.02.16,51500.0,300.0,52500.0,52500.0,51000.0,1482.0,53.0,53.0,49.0,49.0,49.0,49.0,41.0
54,2024.02.15,51200.0,1300.0,52500.0,52500.0,51200.0,4072.0,54.0,54.0,50.0,50.0,50.0,50.0,42.0
55,2024.02.14,52500.0,0.0,52000.0,52700.0,51700.0,919.0,55.0,55.0,51.0,51.0,51.0,51.0,43.0
56,2024.02.13,52500.0,100.0,52800.0,52800.0,51700.0,1368.0,56.0,56.0,52.0,52.0,52.0,52.0,44.0
57,2024.02.08,52600.0,300.0,52500.0,52800.0,52300.0,876.0,57.0,57.0,53.0,53.0,53.0,53.0,45.0
58,2024.02.07,52300.0,700.0,51400.0,52400.0,51400.0,2271.0,58.0,58.0,54.0,54.0,54.0,54.0,46.0
59,2024.02.06,51600.0,200.0,51300.0,52500.0,51300.0,10609.0,59.0,59.0,55.0,55.0,55.0,55.0,47.0
60,2024.02.05,51800.0,200.0,52000.0,52400.0,51200.0,3446.0,60.0,60.0,56.0,56.0,56.0,56.0,48.0
61,2024.02.02,51600.0,500.0,52600.0,52600.0,51200.0,8685.0,61.0,61.0,57.0,57.0,57.0,57.0,49.0
62,2024.02.01,52100.0,1100.0,51000.0,52200.0,49950.0,8508.0,62.0,62.0,58.0,58.0,58.0,58.0,50.0
63,2024.01.31,51000.0,600.0,51600.0,51800.0,51000.0,1541.0,63.0,63.0,59.0,59.0,59.0,59.0,51.0
64,2024.01.30,51600.0,1750.0,50000.0,51800.0,49850.0,5047.0,64.0,64.0,60.0,60.0,60.0,60.0,52.0
65,2024.01.29,49850.0,950.0,49000.0,50200.0,48900.0,9700.0,65.0,65.0,61.0,61.0,61.0,61.0,53.0
66,2024.01.26,48900.0,0.0,48950.0,49500.0,48700.0,7651.0,66.0,66.0,62.0,62.0,62.0,62.0,54.0
67,2024.01.25,48900.0,0.0,48950.0,49000.0,48900.0,1962.0,67.0,67.0,63.0,63.0,63.0,63.0,55.0
68,2024.01.24,48900.0,50.0,49050.0,49450.0,48600.0,2076.0,68.0,68.0,64.0,64.0,64.0,64.0,56.0
69,2024.01.23,48950.0,0.0,48950.0,49500.0,48800.0,1919.0,69.0,69.0,65.0,65.0,65.0,65.0,57.0
70,2024.01.22,48950.0,550.0,48950.0,49050.0,48400.0,5225.0,70.0,70.0,66.0,66.0,66.0,66.0,58.0
71,2024.01.19,48400.0,450.0,49000.0,49450.0,48400.0,11717.0,71.0,71.0,67.0,67.0,67.0,67.0,59.0
72,2024.01.18,48850.0,550.0,48400.0,49400.0,48400.0,4197.0,72.0,72.0,68.0,68.0,68.0,68.0,60.0
73,2024.01.17,48300.0,300.0,47800.0,49050.0,47800.0,5925.0,73.0,73.0,69.0,69.0,69.0,69.0,61.0
74,2024.01.16,48600.0,150.0,48350.0,49150.0,48350.0,3187.0,74.0,74.0,70.0,70.0,70.0,70.0,62.0
75,2024.01.15,48750.0,500.0,49200.0,49350.0,48500.0,3938.0,75.0,75.0,71.0,71.0,71.0,71.0,63.0
76,2024.01.12,49250.0,700.0,48600.0,49350.0,48600.0,3550.0,76.0,76.0,72.0,72.0,72.0,72.0,64.0
77,2024.01.11,48550.0,50.0,48350.0,48900.0,48250.0,1778.0,77.0,77.0,73.0,73.0,73.0,73.0,65.0
78,2024.01.10,48600.0,500.0,48450.0,49100.0,48400.0,2255.0,78.0,78.0,74.0,74.0,74.0,74.0,66.0
79,2024.01.09,49100.0,650.0,48450.0,49150.0,48300.0,3909.0,79.0,79.0,75.0,75.0,75.0,75.0,67.0
80,2024.01.08,48450.0,250.0,48700.0,48950.0,48350.0,2134.0,80.0,80.0,76.0,76.0,76.0,76.0,68.0
81,2024.01.05,48700.0,250.0,48350.0,49200.0,48300.0,3634.0,81.0,81.0,77.0,77.0,77.0,77.0,69.0
82,2024.01.04,48950.0,750.0,48350.0,49200.0,48350.0,4460.0,82.0,82.0,78.0,78.0,78.0,78.0,70.0
83,2024.01.03,48200.0,100.0,48300.0,48950.0,47800.0,4615.0,83.0,83.0,79.0,79.0,79.0,79.0,71.0
84,2024.01.02,48300.0,250.0,48550.0,48900.0,48100.0,1796.0,84.0,84.0,80.0,80.0,80.0,80.0,72.0
85,2023.12.28,48550.0,300.0,48200.0,48550.0,48000.0,2095.0,85.0,85.0,81.0,81.0,81.0,81.0,73.0
86,2023.12.27,48250.0,750.0,48800.0,48800.0,48100.0,927.0,86.0,86.0,82.0,82.0,82.0,82.0,74.0
87,2023.12.26,49000.0,100.0,48700.0,49000.0,48450.0,1970.0,87.0,87.0,83.0,83.0,83.0,83.0,75.0
88,2023.12.22,49100.0,2400.0,48000.0,49100.0,47500.0,6554.0,88.0,88.0,84.0,84.0,84.0,84.0,76.0
89,2023.12.21,46700.0,200.0,46700.0,46900.0,46550.0,878.0,89.0,89.0,85.0,85.0,85.0,85.0,77.0
90,2023.12.20,46900.0,350.0,46950.0,47000.0,46400.0,1534.0,90.0,90.0,86.0,86.0,86.0,86.0,78.0
91,2023.12.19,46550.0,200.0,46950.0,46950.0,46550.0,1130.0,91.0,91.0,87.0,87.0,87.0,87.0,79.0
92,2023.12.18,46750.0,200.0,46900.0,48000.0,46750.0,1098.0,92.0,92.0,88.0,88.0,88.0,88.0,80.0
93,2023.12.15,46950.0,150.0,46950.0,47600.0,46850.0,2455.0,93.0,93.0,89.0,89.0,89.0,89.0,81.0
94,2023.12.14,47100.0,0.0,47100.0,47250.0,46950.0,1452.0,94.0,94.0,90.0,90.0,90.0,90.0,82.0
95,2023.12.13,47100.0,250.0,47350.0,47550.0,46950.0,776.0,95.0,95.0,91.0,91.0,91.0,91.0,83.0
96,2023.12.12,47350.0,50.0,47500.0,47750.0,46950.0,3120.0,96.0,96.0,92.0,92.0,92.0,92.0,84.0
97,2023.12.11,47300.0,300.0,46800.0,47800.0,46700.0,1236.0,97.0,97.0,93.0,93.0,93.0,93.0,85.0
98,2023.12.08,47000.0,100.0,47150.0,47900.0,46800.0,832.0,98.0,98.0,94.0,94.0,94.0,94.0,86.0
99,2023.12.07,47100.0,200.0,46750.0,47800.0,46750.0,1036.0,99.0,99.0,95.0,95.0,95.0,95.0,87.0
100,2023.12.06,46900.0,150.0,47850.0,47850.0,46800.0,446.0,100.0,100.0,96.0,96.0,96.0,96.0,88.0
101,2023.12.05,47050.0,50.0,48050.0,48050.0,46950.0,929.0,101.0,101.0,97.0,97.0,97.0,97.0,89.0
102,2023.12.04,47100.0,0.0,47100.0,48000.0,46800.0,1754.0,102.0,102.0,98.0,98.0,98.0,98.0,90.0
103,2023.12.01,47100.0,50.0,47500.0,48400.0,47000.0,1191.0,103.0,103.0,99.0,99.0,99.0,99.0,91.0
104,2023.11.30,47150.0,400.0,46750.0,47200.0,46700.0,541.0,104.0,104.0,100.0,100.0,100.0,100.0,92.0
105,2023.11.29,46750.0,0.0,46700.0,47500.0,46600.0,898.0,105.0,105.0,101.0,101.0,101.0,101.0,93.0
106,2023.11.28,46750.0,0.0,47150.0,47400.0,46600.0,1392.0,106.0,106.0,102.0,102.0,102.0,102.0,94.0
107,2023.11.27,46750.0,100.0,46650.0,47150.0,46300.0,729.0,107.0,107.0,103.0,103.0,103.0,103.0,95.0
108,2023.11.24,46650.0,0.0,47000.0,47000.0,46300.0,1446.0,108.0,108.0,104.0,104.0,104.0,104.0,96.0
109,2023.11.23,46650.0,250.0,46900.0,47050.0,46650.0,769.0,109.0,109.0,105.0,105.0,105.0,105.0,97.0
110,2023.11.22,46900.0,0.0,47050.0,47100.0,46600.0,301.0,110.0,110.0,106.0,106.0,106.0,106.0,98.0
111,2023.11.21,46900.0,200.0,47100.0,47200.0,44300.0,2476.0,111.0,111.0,107.0,107.0,107.0,107.0,99.0
112,2023.11.20,47100.0,250.0,47250.0,47900.0,46900.0,1045.0,112.0,112.0,108.0,108.0,108.0,108.0,100.0
113,2023.11.17,47350.0,100.0,47850.0,47950.0,47000.0,1054.0,113.0,113.0,109.0,109.0,109.0,109.0,101.0
114,2023.11.16,47450.0,100.0,48100.0,48200.0,47450.0,681.0,114.0,114.0,110.0,110.0,110.0,110.0,102.0
115,2023.11.15,47550.0,50.0,47200.0,48450.0,47000.0,3880.0,115.0,115.0,111.0,111.0,111.0,111.0,103.0
116,2023.11.14,47600.0,50.0,47600.0,47700.0,47400.0,254.0,116.0,116.0,112.0,112.0,112.0,112.0,104.0
117,2023.11.13,47650.0,250.0,47900.0,48150.0,47450.0,905.0,117.0,117.0,113.0,113.0,113.0,113.0,105.0
118,2023.11.10,47900.0,750.0,48000.0,48600.0,47650.0,903.0,118.0,118.0,114.0,114.0,114.0,114.0,106.0
119,2023.11.09,48650.0,150.0,48450.0,48700.0,47550.0,1318.0,119.0,119.0,115.0,115.0,115.0,115.0,107.0
120,2023.11.08,48500.0,500.0,47150.0,48500.0,47150.0,1397.0,120.0,120.0,116.0,116.0,116.0,116.0,108.0
121,2023.11.07,48000.0,0.0,47900.0,48250.0,47450.0,3777.0,121.0,121.0,117.0,117.0,117.0,117.0,109.0
122,2023.11.06,48000.0,800.0,47550.0,49350.0,47550.0,9151.0,122.0,122.0,118.0,118.0,118.0,118.0,110.0
123,2023.11.03,47200.0,550.0,46900.0,47300.0,46650.0,670.0,123.0,123.0,119.0,119.0,119.0,119.0,111.0
124,2023.11.02,46650.0,150.0,46650.0,46900.0,46600.0,463.0,124.0,124.0,120.0,120.0,120.0,120.0,112.0
125,2023.11.01,46500.0,150.0,47150.0,47150.0,46250.0,1095.0,125.0,125.0,121.0,121.0,121.0,121.0,113.0
126,2023.10.31,46650.0,150.0,47550.0,47550.0,46400.0,1106.0,126.0,126.0,122.0,122.0,122.0,122.0,114.0
127,2023.10.30,46800.0,0.0,46850.0,47000.0,46350.0,903.0,127.0,127.0,123.0,123.0,123.0,123.0,115.0
128,2023.10.27,46800.0,150.0,46650.0,47350.0,46200.0,2089.0,128.0,128.0,124.0,124.0,124.0,124.0,116.0
129,2023.10.26,46650.0,850.0,47600.0,47600.0,45250.0,1031.0,129.0,129.0,125.0,125.0,125.0,125.0,117.0
130,2023.10.25,47500.0,0.0,47500.0,47700.0,47400.0,610.0,130.0,130.0,126.0,126.0,126.0,126.0,118.0
131,2023.10.24,47500.0,200.0,47700.0,47750.0,47000.0,1353.0,131.0,131.0,127.0,127.0,127.0,127.0,119.0
132,2023.10.23,47700.0,0.0,47700.0,47900.0,47550.0,172.0,132.0,132.0,128.0,128.0,128.0,128.0,120.0
133,2023.10.20,47700.0,50.0,47500.0,47900.0,47400.0,577.0,133.0,133.0,129.0,129.0,129.0,129.0,121.0
134,2023.10.19,47750.0,350.0,48100.0,48100.0,47700.0,593.0,134.0,134.0,130.0,130.0,130.0,130.0,122.0
135,2023.10.18,48100.0,100.0,47800.0,48100.0,47800.0,864.0,135.0,135.0,131.0,131.0,131.0,131.0,123.0
136,2023.10.17,48000.0,50.0,48300.0,48300.0,47850.0,705.0,136.0,136.0,132.0,132.0,132.0,132.0,124.0
137,2023.10.16,47950.0,50.0,48000.0,48600.0,47750.0,560.0,137.0,137.0,133.0,133.0,133.0,133.0,125.0
138,2023.10.13,48000.0,100.0,48200.0,48200.0,47800.0,982.0,138.0,138.0,134.0,134.0,134.0,134.0,126.0
139,2023.10.12,48100.0,0.0,48100.0,48250.0,48000.0,532.0,139.0,139.0,135.0,135.0,135.0,135.0,127.0
140,2023.10.11,48100.0,300.0,47800.0,48200.0,47800.0,1011.0,140.0,140.0,136.0,136.0,136.0,136.0,128.0
141,2023.10.10,47800.0,850.0,48800.0,48800.0,47800.0,3330.0,141.0,141.0,137.0,137.0,137.0,137.0,129.0
142,2023.10.06,48650.0,300.0,48000.0,49000.0,47900.0,1678.0,142.0,142.0,138.0,138.0,138.0,138.0,130.0
143,2023.10.05,48350.0,0.0,48350.0,49050.0,48050.0,2003.0,143.0,143.0,139.0,139.0,139.0,139.0,131.0
144,2023.10.04,48350.0,1000.0,48850.0,48900.0,48300.0,554.0,144.0,144.0,140.0,140.0,140.0,140.0,132.0
145,2023.09.27,49350.0,200.0,49400.0,49650.0,48750.0,830.0,145.0,145.0,141.0,141.0,141.0,141.0,133.0
146,2023.09.26,49150.0,0.0,49150.0,49300.0,48900.0,592.0,146.0,146.0,142.0,142.0,142.0,142.0,134.0
147,2023.09.25,49150.0,50.0,49250.0,49550.0,49000.0,741.0,147.0,147.0,143.0,143.0,143.0,143.0,135.0
148,2023.09.22,49200.0,150.0,49350.0,49700.0,49150.0,964.0,148.0,148.0,144.0,144.0,144.0,144.0,136.0
149,2023.09.21,49350.0,300.0,50200.0,50200.0,49200.0,1521.0,149.0,149.0,145.0,145.0,145.0,145.0,137.0
150,2023.09.20,49650.0,550.0,49700.0,50200.0,49650.0,2873.0,150.0,150.0,146.0,146.0,146.0,146.0,138.0
151,2023.09.19,50200.0,100.0,49850.0,50400.0,49400.0,6138.0,151.0,151.0,147.0,147.0,147.0,147.0,139.0
152,2023.09.18,50100.0,700.0,49850.0,50200.0,49250.0,2148.0,152.0,152.0,148.0,148.0,148.0,148.0,140.0
153,2023.09.15,49400.0,100.0,49350.0,49750.0,49200.0,1071.0,153.0,153.0,149.0,149.0,149.0,149.0,141.0
154,2023.09.14,49300.0,0.0,49300.0,49400.0,49250.0,468.0,154.0,154.0,150.0,150.0,150.0,150.0,142.0
155,2023.09.13,49300.0,100.0,49400.0,49550.0,49150.0,478.0,155.0,155.0,151.0,151.0,151.0,151.0,143.0
156,2023.09.12,49400.0,100.0,49500.0,49600.0,49150.0,900.0,156.0,156.0,152.0,152.0,152.0,152.0,144.0
157,2023.09.11,49500.0,0.0,49500.0,49950.0,49050.0,594.0,157.0,157.0,153.0,153.0,153.0,153.0,145.0
158,2023.09.08,49500.0,100.0,49700.0,49700.0,49350.0,805.0,158.0,158.0,154.0,154.0,154.0,154.0,146.0
159,2023.09.07,49400.0,400.0,49750.0,49800.0,49300.0,428.0,159.0,159.0,155.0,155.0,155.0,155.0,147.0
160,2023.09.06,49800.0,0.0,49800.0,49900.0,49350.0,1017.0,160.0,160.0,156.0,156.0,156.0,156.0,148.0
161,2023.09.05,49800.0,100.0,49850.0,50000.0,49700.0,724.0,161.0,161.0,157.0,157.0,157.0,157.0,149.0
162,2023.09.04,49900.0,50.0,50100.0,50100.0,49850.0,699.0,162.0,162.0,158.0,158.0,158.0,158.0,150.0
163,2023.09.01,49950.0,50.0,49900.0,50200.0,49900.0,442.0,163.0,163.0,159.0,159.0,159.0,159.0,151.0
164,2023.08.31,49900.0,200.0,50000.0,50100.0,49700.0,950.0,164.0,164.0,160.0,160.0,160.0,160.0,152.0
165,2023.08.30,50100.0,0.0,50400.0,50400.0,49950.0,341.0,165.0,165.0,161.0,161.0,161.0,161.0,153.0
166,2023.08.29,50100.0,150.0,50300.0,50300.0,49950.0,131.0,166.0,166.0,162.0,162.0,162.0,162.0,154.0
167,2023.08.28,49950.0,0.0,49900.0,50900.0,49700.0,792.0,167.0,167.0,163.0,163.0,163.0,163.0,155.0
168,2023.08.25,49950.0,0.0,49900.0,49950.0,49800.0,636.0,168.0,168.0,164.0,164.0,164.0,164.0,156.0
169,2023.08.24,49950.0,0.0,49900.0,49950.0,49700.0,263.0,169.0,169.0,165.0,165.0,165.0,165.0,157.0
170,2023.08.23,49950.0,100.0,49800.0,49950.0,49800.0,103.0,170.0,170.0,166.0,166.0,166.0,166.0,158.0
171,2023.08.22,49850.0,50.0,49900.0,50000.0,49800.0,485.0,171.0,171.0,167.0,167.0,167.0,167.0,159.0
172,2023.08.21,49900.0,50.0,50000.0,50000.0,49850.0,373.0,172.0,172.0,168.0,168.0,168.0,168.0,160.0
173,2023.08.18,49950.0,50.0,49800.0,49950.0,49800.0,708.0,173.0,173.0,169.0,169.0,169.0,169.0,161.0
174,2023.08.17,49900.0,50.0,49800.0,49900.0,49600.0,1000.0,174.0,174.0,170.0,170.0,170.0,170.0,162.0
175,2023.08.16,49850.0,250.0,50100.0,50100.0,49800.0,750.0,175.0,175.0,171.0,171.0,171.0,171.0,163.0
176,2023.08.14,50100.0,0.0,50400.0,50500.0,50000.0,341.0,176.0,176.0,172.0,172.0,172.0,172.0,164.0
177,2023.08.11,50100.0,100.0,50100.0,50300.0,49950.0,788.0,177.0,177.0,173.0,173.0,173.0,173.0,165.0
178,2023.08.10,50000.0,300.0,50400.0,50400.0,49900.0,686.0,178.0,178.0,174.0,174.0,174.0,174.0,166.0
179,2023.08.09,50300.0,300.0,50100.0,50400.0,49950.0,490.0,179.0,179.0,175.0,175.0,175.0,175.0,167.0
180,2023.08.08,50000.0,200.0,50200.0,50200.0,49800.0,1291.0,180.0,180.0,176.0,176.0,176.0,176.0,168.0
181,2023.08.07,49800.0,150.0,50300.0,50300.0,49750.0,665.0,181.0,181.0,177.0,177.0,177.0,177.0,169.0
182,2023.08.04,49950.0,150.0,49800.0,49950.0,49600.0,160.0,182.0,182.0,178.0,178.0,178.0,178.0,170.0
183,2023.08.03,49800.0,0.0,49600.0,49900.0,49600.0,407.0,183.0,183.0,179.0,179.0,179.0,179.0,171.0
184,2023.08.02,49800.0,400.0,50200.0,50200.0,49800.0,733.0,184.0,184.0,180.0,180.0,180.0,180.0,172.0
185,2023.08.01,50200.0,200.0,50100.0,50500.0,49000.0,2200.0,185.0,185.0,181.0,181.0,181.0,181.0,173.0
186,2023.07.31,50400.0,550.0,49850.0,50500.0,49600.0,1018.0,186.0,186.0,182.0,182.0,182.0,182.0,174.0
187,2023.07.28,49850.0,850.0,48800.0,50000.0,48800.0,5464.0,187.0,187.0,183.0,183.0,183.0,183.0,175.0
188,2023.07.27,49000.0,100.0,49050.0,49850.0,48450.0,838.0,188.0,188.0,184.0,184.0,184.0,184.0,176.0
189,2023.07.26,48900.0,900.0,49800.0,49800.0,48500.0,2387.0,189.0,189.0,185.0,185.0,185.0,185.0,177.0
190,2023.07.25,49800.0,100.0,49900.0,49900.0,49450.0,1508.0,190.0,190.0,186.0,186.0,186.0,186.0,178.0
191,2023.07.24,49900.0,400.0,50300.0,50300.0,49550.0,2407.0,191.0,191.0,187.0,187.0,187.0,187.0,179.0
192,2023.07.21,50300.0,300.0,49800.0,50300.0,49800.0,544.0,192.0,192.0,188.0,188.0,188.0,188.0,180.0
193,2023.07.20,50000.0,50.0,49800.0,50000.0,49800.0,562.0,193.0,193.0,189.0,189.0,189.0,189.0,181.0
194,2023.07.19,49950.0,0.0,49950.0,50200.0,49900.0,272.0,194.0,194.0,190.0,190.0,190.0,190.0,182.0
195,2023.07.18,49950.0,650.0,50600.0,50800.0,49950.0,1069.0,195.0,195.0,191.0,191.0,191.0,191.0,183.0
196,2023.07.17,50600.0,700.0,51500.0,51500.0,50600.0,1392.0,196.0,196.0,192.0,192.0,192.0,192.0,184.0
197,2023.07.14,51300.0,1000.0,50600.0,51500.0,50100.0,1847.0,197.0,197.0,193.0,193.0,193.0,193.0,185.0
198,2023.07.13,50300.0,400.0,50000.0,50400.0,49700.0,1383.0,198.0,198.0,194.0,194.0,194.0,194.0,186.0
199,2023.07.12,49900.0,50.0,49950.0,50000.0,49900.0,287.0,199.0,199.0,195.0,195.0,195.0,195.0,187.0
200,2023.07.11,49850.0,150.0,49900.0,50300.0,49800.0,1233.0,200.0,200.0,196.0,196.0,196.0,196.0,188.0
201,2023.07.10,50000.0,100.0,50000.0,50000.0,49700.0,251.0,201.0,201.0,197.0,197.0,197.0,197.0,189.0
202,2023.07.07,50100.0,0.0,49800.0,50100.0,49700.0,593.0,202.0,202.0,198.0,198.0,198.0,198.0,190.0
203,2023.07.06,50100.0,100.0,50200.0,50400.0,49950.0,522.0,203.0,203.0,199.0,199.0,199.0,199.0,191.0
204,2023.07.05,50200.0,400.0,50600.0,50600.0,50100.0,904.0,204.0,204.0,200.0,200.0,200.0,200.0,192.0
205,2023.07.04,50600.0,100.0,50600.0,50600.0,50000.0,457.0,205.0,205.0,201.0,201.0,201.0,201.0,193.0
206,2023.07.03,50500.0,100.0,51000.0,51000.0,50100.0,850.0,206.0,206.0,202.0,202.0,202.0,202.0,194.0
207,2023.06.30,50600.0,300.0,50200.0,50800.0,50100.0,814.0,207.0,207.0,203.0,203.0,203.0,203.0,195.0
208,2023.06.29,50300.0,500.0,50800.0,51200.0,50100.0,618.0,208.0,208.0,204.0,204.0,204.0,204.0,196.0
209,2023.06.28,50800.0,300.0,51100.0,51100.0,50600.0,139.0,209.0,209.0,205.0,205.0,205.0,205.0,197.0
210,2023.06.27,51100.0,800.0,50600.0,51100.0,50500.0,2422.0,210.0,210.0,206.0,206.0,206.0,206.0,198.0
211,2023.06.26,50300.0,200.0,50100.0,50800.0,50000.0,691.0,211.0,211.0,207.0,207.0,207.0,207.0,199.0
212,2023.06.23,50100.0,200.0,50700.0,51000.0,50100.0,367.0,212.0,212.0,208.0,208.0,208.0,208.0,200.0
213,2023.06.22,50300.0,200.0,50200.0,50900.0,50200.0,538.0,213.0,213.0,209.0,209.0,209.0,209.0,201.0
214,2023.06.21,50500.0,300.0,51300.0,51300.0,50500.0,171.0,214.0,214.0,210.0,210.0,210.0,210.0,202.0
215,2023.06.20,50800.0,0.0,50500.0,51600.0,50500.0,315.0,215.0,215.0,211.0,211.0,211.0,211.0,203.0
216,2023.06.19,50800.0,300.0,50500.0,51100.0,50500.0,665.0,216.0,216.0,212.0,212.0,212.0,212.0,204.0
217,2023.06.16,50500.0,200.0,50500.0,51000.0,50200.0,1106.0,217.0,217.0,213.0,213.0,213.0,213.0,205.0
218,2023.06.15,50300.0,200.0,50500.0,50600.0,50300.0,498.0,218.0,218.0,214.0,214.0,214.0,214.0,206.0
219,2023.06.14,50500.0,100.0,50600.0,50700.0,50300.0,302.0,219.0,219.0,215.0,215.0,215.0,215.0,207.0
220,2023.06.13,50600.0,700.0,50900.0,51200.0,50600.0,771.0,220.0,220.0,216.0,216.0,216.0,216.0,208.0
221,2023.06.12,51300.0,500.0,50400.0,51300.0,50400.0,856.0,221.0,221.0,217.0,217.0,217.0,217.0,209.0
222,2023.06.09,50800.0,200.0,50400.0,51100.0,50400.0,315.0,222.0,222.0,218.0,218.0,218.0,218.0,210.0
223,2023.06.08,50600.0,200.0,50700.0,50800.0,50400.0,114.0,223.0,223.0,219.0,219.0,219.0,219.0,211.0
224,2023.06.07,50800.0,0.0,51300.0,51400.0,50800.0,552.0,224.0,224.0,220.0,220.0,220.0,220.0,212.0
225,2023.06.05,50800.0,100.0,51300.0,51300.0,50700.0,317.0,225.0,225.0,221.0,221.0,221.0,221.0,213.0
226,2023.06.02,50700.0,200.0,50600.0,50800.0,50600.0,112.0,226.0,226.0,222.0,222.0,222.0,222.0,214.0
227,2023.06.01,50500.0,0.0,50600.0,51300.0,50500.0,255.0,227.0,227.0,223.0,223.0,223.0,223.0,215.0
228,2023.05.31,50500.0,200.0,50900.0,51000.0,50200.0,643.0,228.0,228.0,224.0,224.0,224.0,224.0,216.0
229,2023.05.30,50700.0,100.0,50900.0,51300.0,50500.0,1120.0,229.0,229.0,225.0,225.0,225.0,225.0,217.0
230,2023.05.26,50800.0,100.0,50900.0,51100.0,50800.0,205.0,230.0,230.0,226.0,226.0,226.0,226.0,218.0
231,2023.05.25,50900.0,100.0,50700.0,51000.0,50300.0,563.0,231.0,231.0,227.0,227.0,227.0,227.0,219.0
232,2023.05.24,50800.0,200.0,50600.0,51000.0,50100.0,434.0,232.0,232.0,228.0,228.0,228.0,228.0,220.0
233,2023.05.23,50600.0,500.0,51400.0,51600.0,50500.0,615.0,233.0,233.0,229.0,229.0,229.0,229.0,221.0
234,2023.05.22,51100.0,200.0,50900.0,51900.0,50300.0,1392.0,234.0,234.0,230.0,230.0,230.0,230.0,222.0
235,2023.05.19,50900.0,100.0,50800.0,51800.0,50400.0,830.0,235.0,235.0,231.0,231.0,231.0,231.0,223.0
236,2023.05.18,51000.0,900.0,51900.0,51900.0,50700.0,779.0,236.0,236.0,232.0,232.0,232.0,232.0,224.0
237,2023.05.17,51900.0,1100.0,50800.0,52300.0,50500.0,2039.0,237.0,237.0,233.0,233.0,233.0,233.0,225.0
238,2023.05.16,50800.0,1600.0,49400.0,51100.0,49400.0,3477.0,238.0,238.0,234.0,234.0,234.0,234.0,226.0
239,2023.05.15,49200.0,350.0,50300.0,50300.0,49000.0,1367.0,239.0,239.0,235.0,235.0,235.0,235.0,227.0
240,2023.05.12,49550.0,250.0,50000.0,50000.0,49550.0,982.0,240.0,240.0,236.0,236.0,236.0,236.0,228.0
241,2023.05.11,49800.0,0.0,50300.0,50300.0,49700.0,518.0,241.0,241.0,237.0,237.0,237.0,237.0,229.0
242,2023.05.10,49800.0,100.0,50300.0,50300.0,49700.0,360.0,242.0,242.0,238.0,238.0,238.0,238.0,230.0
243,2023.05.09,49700.0,200.0,50400.0,50400.0,49700.0,235.0,243.0,243.0,239.0,239.0,239.0,239.0,231.0
244,2023.05.08,49900.0,200.0,49700.0,50400.0,49700.0,271.0,244.0,244.0,240.0,240.0,240.0,240.0,232.0
245,2023.05.04,49700.0,150.0,49550.0,49850.0,49550.0,649.0,245.0,245.0,241.0,241.0,241.0,241.0,233.0
246,2023.05.03,49850.0,50.0,49900.0,50100.0,49850.0,687.0,246.0,246.0,242.0,242.0,242.0,242.0,234.0
247,2023.05.02,49900.0,400.0,50300.0,50600.0,49900.0,816.0,247.0,247.0,243.0,243.0,243.0,243.0,235.0
248,2023.04.28,50300.0,300.0,50100.0,50800.0,50000.0,1729.0,248.0,248.0,244.0,244.0,244.0,244.0,236.0
249,2023.04.27,50000.0,400.0,50300.0,50700.0,50000.0,448.0,249.0,249.0,245.0,245.0,245.0,245.0,237.0
250,2023.04.26,50400.0,200.0,49850.0,50400.0,49800.0,1290.0,250.0,250.0,246.0,246.0,246.0,246.0,238.0
251,2023.04.25,50200.0,400.0,50600.0,51100.0,50000.0,733.0,251.0,251.0,247.0,247.0,247.0,247.0,239.0
252,2023.04.24,50600.0,200.0,50800.0,50800.0,50000.0,838.0,252.0,252.0,248.0,248.0,248.0,248.0,240.0
253,2023.04.21,50800.0,300.0,50600.0,51000.0,50300.0,943.0,253.0,253.0,249.0,249.0,249.0,249.0,241.0
254,2023.04.20,51100.0,600.0,50500.0,51200.0,50500.0,1001.0,254.0,254.0,250.0,250.0,250.0,250.0,242.0
255,2023.04.19,50500.0,0.0,50500.0,50900.0,50000.0,866.0,255.0,255.0,251.0,251.0,251.0,251.0,243.0
256,2023.04.18,50500.0,100.0,51300.0,51300.0,50400.0,852.0,256.0,256.0,252.0,252.0,252.0,252.0,244.0
257,2023.04.17,50600.0,400.0,51000.0,51900.0,50600.0,783.0,257.0,257.0,253.0,253.0,253.0,253.0,245.0
258,2023.04.14,51000.0,0.0,51500.0,51600.0,50600.0,1622.0,258.0,258.0,254.0,254.0,254.0,254.0,246.0
259,2023.04.13,51000.0,500.0,51000.0,51200.0,50800.0,814.0,259.0,259.0,255.0,255.0,255.0,255.0,247.0
260,2023.04.12,50500.0,100.0,50700.0,51200.0,50400.0,1113.0,260.0,260.0,256.0,256.0,256.0,256.0,248.0
261,2023.04.11,50600.0,500.0,51600.0,51600.0,50600.0,2492.0,261.0,261.0,257.0,257.0,257.0,257.0,249.0
262,2023.04.10,51100.0,400.0,51900.0,51900.0,51100.0,1080.0,262.0,262.0,258.0,258.0,258.0,258.0,250.0
263,2023.04.07,51500.0,0.0,51500.0,51900.0,51500.0,758.0,263.0,263.0,259.0,259.0,259.0,259.0,251.0
264,2023.04.06,51500.0,300.0,51800.0,52700.0,51200.0,2316.0,264.0,264.0,260.0,260.0,260.0,260.0,252.0
265,2023.04.05,51200.0,300.0,51200.0,51700.0,51200.0,990.0,265.0,265.0,261.0,261.0,261.0,261.0,253.0
266,2023.04.04,51500.0,200.0,51800.0,51800.0,51000.0,862.0,266.0,266.0,262.0,262.0,262.0,262.0,254.0
267,2023.04.03,51700.0,200.0,51500.0,51900.0,50700.0,810.0,267.0,267.0,263.0,263.0,263.0,263.0,255.0
268,2023.03.31,51500.0,500.0,51300.0,52400.0,51000.0,1249.0,268.0,268.0,264.0,264.0,264.0,264.0,256.0
269,2023.03.30,51000.0,0.0,51000.0,51300.0,51000.0,811.0,269.0,269.0,265.0,265.0,265.0,265.0,257.0
270,2023.03.29,51000.0,0.0,51000.0,51000.0,50900.0,1231.0,270.0,270.0,266.0,266.0,266.0,266.0,258.0
271,2023.03.28,51000.0,100.0,50900.0,51000.0,50900.0,917.0,271.0,271.0,267.0,267.0,267.0,267.0,259.0
272,2023.03.27,50900.0,0.0,50900.0,51000.0,50600.0,4671.0,272.0,272.0,268.0,268.0,268.0,268.0,260.0
273,2023.03.24,50900.0,600.0,50500.0,50900.0,50400.0,1156.0,273.0,273.0,269.0,269.0,269.0,269.0,261.0
274,2023.03.23,50300.0,500.0,50800.0,50900.0,50300.0,7095.0,274.0,274.0,270.0,270.0,270.0,270.0,262.0
275,2023.03.22,50800.0,0.0,50800.0,50900.0,50800.0,602.0,275.0,275.0,271.0,271.0,271.0,271.0,263.0
276,2023.03.21,50800.0,200.0,50600.0,50900.0,50600.0,487.0,276.0,276.0,272.0,272.0,272.0,272.0,264.0
277,2023.03.20,50600.0,0.0,50600.0,50900.0,50600.0,475.0,277.0,277.0,273.0,273.0,273.0,273.0,265.0
278,2023.03.17,50600.0,0.0,50700.0,50800.0,50600.0,1381.0,278.0,278.0,274.0,274.0,274.0,274.0,266.0
279,2023.03.16,50600.0,0.0,50700.0,50800.0,50600.0,820.0,279.0,279.0,275.0,275.0,275.0,275.0,267.0
280,2023.03.15,50600.0,0.0,50600.0,51000.0,50600.0,2867.0,280.0,280.0,276.0,276.0,276.0,276.0,268.0
281,2023.03.14,50600.0,0.0,50800.0,50800.0,49900.0,7029.0,281.0,281.0,277.0,277.0,277.0,277.0,269.0
282,2023.03.13,50600.0,1400.0,51000.0,51400.0,50400.0,2857.0,282.0,282.0,278.0,278.0,278.0,278.0,270.0
283,2023.03.10,52000.0,300.0,51200.0,52000.0,51100.0,1417.0,283.0,283.0,279.0,279.0,279.0,279.0,271.0
284,2023.03.09,51700.0,500.0,51400.0,51800.0,51000.0,351.0,284.0,284.0,280.0,280.0,280.0,280.0,272.0
285,2023.03.08,51200.0,600.0,51900.0,51900.0,51000.0,580.0,285.0,285.0,281.0,281.0,281.0,281.0,273.0
286,2023.03.07,51800.0,800.0,50800.0,51800.0,50800.0,904.0,286.0,286.0,282.0,282.0,282.0,282.0,274.0
287,2023.03.06,51000.0,0.0,51000.0,51600.0,50800.0,897.0,287.0,287.0,283.0,283.0,283.0,283.0,275.0
288,2023.03.03,51000.0,400.0,51500.0,51500.0,50900.0,281.0,288.0,288.0,284.0,284.0,284.0,284.0,276.0
289,2023.03.02,51400.0,100.0,51300.0,51500.0,51000.0,643.0,289.0,289.0,285.0,285.0,285.0,285.0,277.0
290,2023.02.28,51300.0,500.0,50900.0,51400.0,50900.0,189.0,290.0,290.0,286.0,286.0,286.0,286.0,278.0
291,2023.02.27,50800.0,100.0,50700.0,51500.0,50700.0,4020.0,291.0,291.0,287.0,287.0,287.0,287.0,279.0
292,2023.02.24,50700.0,100.0,50700.0,51000.0,50600.0,852.0,292.0,292.0,288.0,288.0,288.0,288.0,280.0
293,2023.02.23,50600.0,100.0,50900.0,51200.0,50600.0,6282.0,293.0,293.0,289.0,289.0,289.0,289.0,281.0
294,2023.02.22,50700.0,100.0,50700.0,50900.0,50600.0,959.0,294.0,294.0,290.0,290.0,290.0,290.0,282.0
295,2023.02.21,50600.0,0.0,51000.0,51100.0,50600.0,6478.0,295.0,295.0,291.0,291.0,291.0,291.0,283.0
296,2023.02.20,50600.0,100.0,50800.0,51000.0,50500.0,5191.0,296.0,296.0,292.0,292.0,292.0,292.0,284.0
297,2023.02.17,50700.0,400.0,51000.0,51000.0,50600.0,907.0,297.0,297.0,293.0,293.0,293.0,293.0,285.0
298,2023.02.16,51100.0,200.0,50900.0,51200.0,50600.0,702.0,298.0,298.0,294.0,294.0,294.0,294.0,286.0
299,2023.02.15,50900.0,200.0,51300.0,51300.0,50700.0,552.0,299.0,299.0,295.0,295.0,295.0,295.0,287.0
300,2023.02.14,51100.0,100.0,51200.0,51300.0,50900.0,399.0,300.0,300.0,296.0,296.0,296.0,296.0,288.0
301,2023.02.13,51000.0,300.0,50800.0,51200.0,50700.0,2582.0,301.0,301.0,297.0,297.0,297.0,297.0,289.0
302,2023.02.10,50700.0,700.0,51400.0,51400.0,50700.0,762.0,302.0,302.0,298.0,298.0,298.0,298.0,290.0
303,2023.02.09,51400.0,200.0,51600.0,51600.0,51200.0,481.0,303.0,303.0,299.0,299.0,299.0,299.0,291.0
304,2023.02.08,51600.0,600.0,51000.0,51600.0,50700.0,1282.0,304.0,304.0,300.0,300.0,300.0,300.0,292.0
305,2023.02.07,51000.0,0.0,50600.0,51000.0,50600.0,410.0,305.0,305.0,301.0,301.0,301.0,301.0,293.0
306,2023.02.06,51000.0,100.0,50900.0,51200.0,50800.0,833.0,306.0,306.0,302.0,302.0,302.0,302.0,294.0
307,2023.02.03,50900.0,200.0,51100.0,51200.0,50900.0,670.0,307.0,307.0,303.0,303.0,303.0,303.0,295.0
308,2023.02.02,51100.0,300.0,51000.0,51200.0,50900.0,628.0,308.0,308.0,304.0,304.0,304.0,304.0,296.0
309,2023.02.01,50800.0,100.0,51100.0,51100.0,50500.0,340.0,309.0,309.0,305.0,305.0,305.0,305.0,297.0
310,2023.01.31,50900.0,100.0,50900.0,51000.0,50600.0,516.0,310.0,310.0,306.0,306.0,306.0,306.0,298.0
311,2023.01.30,51000.0,100.0,51200.0,51200.0,50600.0,444.0,311.0,311.0,307.0,307.0,307.0,307.0,299.0
312,2023.01.27,50900.0,200.0,51100.0,51200.0,50800.0,638.0,312.0,312.0,308.0,308.0,308.0,308.0,300.0
313,2023.01.26,51100.0,300.0,51200.0,51200.0,50600.0,340.0,313.0,313.0,309.0,309.0,309.0,309.0,301.0
314,2023.01.25,50800.0,600.0,51500.0,51500.0,50800.0,613.0,314.0,314.0,310.0,310.0,310.0,310.0,302.0
315,2023.01.20,51400.0,200.0,51200.0,51500.0,50900.0,1357.0,315.0,315.0,311.0,311.0,311.0,311.0,303.0
316,2023.01.19,51200.0,300.0,50900.0,51200.0,50900.0,1758.0,316.0,316.0,312.0,312.0,312.0,312.0,304.0
317,2023.01.18,50900.0,300.0,51100.0,51200.0,50600.0,364.0,317.0,317.0,313.0,313.0,313.0,313.0,305.0
318,2023.01.17,50600.0,400.0,50700.0,51100.0,50500.0,938.0,318.0,318.0,314.0,314.0,314.0,314.0,306.0
319,2023.01.16,51000.0,100.0,51100.0,51200.0,50600.0,1286.0,319.0,319.0,315.0,315.0,315.0,315.0,307.0
320,2023.01.13,51100.0,300.0,50900.0,51200.0,50900.0,805.0,320.0,320.0,316.0,316.0,316.0,316.0,308.0
321,2023.01.12,50800.0,100.0,50900.0,51000.0,50700.0,2400.0,321.0,321.0,317.0,317.0,317.0,317.0,309.0
322,2023.01.11,50700.0,100.0,50800.0,50800.0,50300.0,1032.0,322.0,322.0,318.0,318.0,318.0,318.0,310.0
323,2023.01.10,50800.0,600.0,51300.0,51300.0,50400.0,1407.0,323.0,323.0,319.0,319.0,319.0,319.0,311.0
324,2023.01.09,51400.0,100.0,51300.0,51400.0,51100.0,1390.0,324.0,324.0,320.0,320.0,320.0,320.0,312.0
325,2023.01.06,51300.0,500.0,52300.0,52300.0,51300.0,1052.0,325.0,325.0,321.0,321.0,321.0,321.0,313.0
326,2023.01.05,51800.0,300.0,52400.0,52500.0,51800.0,327.0,326.0,326.0,322.0,322.0,322.0,322.0,314.0
327,2023.01.04,52100.0,600.0,52700.0,52700.0,51800.0,640.0,327.0,327.0,323.0,323.0,323.0,323.0,315.0
328,2023.01.03,52700.0,500.0,52400.0,52700.0,51500.0,677.0,328.0,328.0,324.0,324.0,324.0,324.0,316.0
329,2023.01.02,52200.0,600.0,52400.0,52800.0,51800.0,412.0,329.0,329.0,325.0,325.0,325.0,325.0,317.0
330,2022.12.29,52800.0,0.0,52800.0,52800.0,51600.0,606.0,330.0,330.0,326.0,326.0,326.0,326.0,318.0
331,2022.12.28,52800.0,300.0,53100.0,53100.0,51600.0,1364.0,331.0,331.0,327.0,327.0,327.0,327.0,319.0
332,2022.12.27,53100.0,400.0,53000.0,53300.0,52500.0,1448.0,332.0,332.0,328.0,328.0,328.0,328.0,320.0
333,2022.12.26,52700.0,300.0,52300.0,52700.0,52300.0,604.0,333.0,333.0,329.0,329.0,329.0,329.0,321.0
334,2022.12.23,52400.0,300.0,53000.0,53000.0,52200.0,393.0,334.0,334.0,330.0,330.0,330.0,330.0,322.0
335,2022.12.22,52700.0,0.0,52700.0,52900.0,52600.0,300.0,335.0,335.0,331.0,331.0,331.0,331.0,323.0
336,2022.12.21,52700.0,0.0,52700.0,52900.0,52100.0,299.0,336.0,336.0,332.0,332.0,332.0,332.0,324.0
337,2022.12.20,52700.0,100.0,52700.0,52700.0,52400.0,343.0,337.0,337.0,333.0,333.0,333.0,333.0,325.0
338,2022.12.19,52600.0,200.0,52600.0,52700.0,52300.0,289.0,338.0,338.0,334.0,334.0,334.0,334.0,326.0
339,2022.12.16,52400.0,500.0,52100.0,52700.0,52100.0,273.0,339.0,339.0,335.0,335.0,335.0,335.0,327.0
340,2022.12.15,52900.0,200.0,52700.0,53000.0,52600.0,271.0,340.0,340.0,336.0,336.0,336.0,336.0,328.0
341,2022.12.14,52700.0,500.0,53100.0,53500.0,52100.0,1718.0,341.0,341.0,337.0,337.0,337.0,337.0,329.0
342,2022.12.13,53200.0,900.0,52300.0,53200.0,51700.0,1167.0,342.0,342.0,338.0,338.0,338.0,338.0,330.0
343,2022.12.12,52300.0,0.0,52900.0,52900.0,52000.0,281.0,343.0,343.0,339.0,339.0,339.0,339.0,331.0
344,2022.12.09,52300.0,800.0,53400.0,53400.0,52000.0,1064.0,344.0,344.0,340.0,340.0,340.0,340.0,332.0
345,2022.12.08,53100.0,1300.0,51900.0,53400.0,51900.0,2730.0,345.0,345.0,341.0,341.0,341.0,341.0,333.0
346,2022.12.07,51800.0,500.0,52700.0,53000.0,51800.0,2436.0,346.0,346.0,342.0,342.0,342.0,342.0,334.0
347,2022.12.06,52300.0,200.0,52700.0,52900.0,52300.0,734.0,347.0,347.0,343.0,343.0,343.0,343.0,335.0
348,2022.12.05,52500.0,0.0,52500.0,52900.0,52300.0,567.0,348.0,348.0,344.0,344.0,344.0,344.0,336.0
349,2022.12.02,52500.0,0.0,52400.0,52900.0,52400.0,950.0,349.0,349.0,345.0,345.0,345.0,345.0,337.0
350,2022.12.01,52500.0,0.0,52600.0,52700.0,51900.0,604.0,350.0,350.0,346.0,346.0,346.0,346.0,338.0
351,2022.11.30,52500.0,1300.0,51100.0,52600.0,51100.0,1497.0,351.0,351.0,347.0,347.0,347.0,347.0,339.0
352,2022.11.29,51200.0,300.0,50400.0,51300.0,50400.0,356.0,352.0,352.0,348.0,348.0,348.0,348.0,340.0
353,2022.11.28,50900.0,200.0,50700.0,51200.0,50400.0,420.0,353.0,353.0,349.0,349.0,349.0,349.0,341.0
354,2022.11.25,50700.0,200.0,50900.0,50900.0,50600.0,451.0,354.0,354.0,350.0,350.0,350.0,350.0,342.0
355,2022.11.24,50900.0,0.0,50800.0,50900.0,50400.0,370.0,355.0,355.0,351.0,351.0,351.0,351.0,343.0
356,2022.11.23,50900.0,100.0,50600.0,51100.0,50400.0,1372.0,356.0,356.0,352.0,352.0,352.0,352.0,344.0
357,2022.11.22,51000.0,100.0,51000.0,51100.0,50600.0,450.0,357.0,357.0,353.0,353.0,353.0,353.0,345.0
358,2022.11.21,51100.0,100.0,50900.0,51300.0,50700.0,237.0,358.0,358.0,354.0,354.0,354.0,354.0,346.0
359,2022.11.18,51000.0,0.0,51100.0,51300.0,50900.0,613.0,359.0,359.0,355.0,355.0,355.0,355.0,347.0
360,2022.11.17,51000.0,0.0,51300.0,51300.0,50800.0,273.0,360.0,360.0,356.0,356.0,356.0,356.0,348.0
361,2022.11.16,51000.0,400.0,50600.0,51400.0,50400.0,2949.0,361.0,361.0,357.0,357.0,357.0,357.0,349.0
362,2022.11.15,50600.0,100.0,50200.0,50700.0,50200.0,898.0,362.0,362.0,358.0,358.0,358.0,358.0,350.0
363,2022.11.14,50700.0,100.0,50700.0,51000.0,50300.0,1309.0,363.0,363.0,359.0,359.0,359.0,359.0,351.0
364,2022.11.11,50600.0,0.0,50900.0,51000.0,50600.0,1374.0,364.0,364.0,360.0,360.0,360.0,360.0,352.0
365,2022.11.10,50600.0,400.0,50500.0,50800.0,50200.0,336.0,365.0,365.0,361.0,361.0,361.0,361.0,353.0
366,2022.11.09,50200.0,0.0,50200.0,50700.0,50200.0,1113.0,366.0,366.0,362.0,362.0,362.0,362.0,354.0
367,2022.11.08,50200.0,400.0,50600.0,50800.0,50100.0,517.0,367.0,367.0,363.0,363.0,363.0,363.0,355.0
368,2022.11.07,50600.0,200.0,50400.0,50700.0,50100.0,1589.0,368.0,368.0,364.0,364.0,364.0,364.0,356.0
369,2022.11.04,50400.0,0.0,50400.0,50500.0,49950.0,3327.0,369.0,369.0,365.0,365.0,365.0,365.0,357.0
370,2022.11.03,50400.0,500.0,49850.0,50500.0,49850.0,2171.0,370.0,370.0,366.0,366.0,366.0,366.0,358.0
371,2022.11.02,49900.0,600.0,50500.0,50500.0,49900.0,1022.0,371.0,371.0,367.0,367.0,367.0,367.0,359.0
372,2022.11.01,50500.0,400.0,50500.0,50500.0,50100.0,1429.0,372.0,372.0,368.0,368.0,368.0,368.0,360.0
373,2022.10.31,50100.0,100.0,50000.0,50300.0,49750.0,3201.0,373.0,373.0,369.0,369.0,369.0,369.0,361.0
374,2022.10.28,50000.0,100.0,50500.0,50500.0,50000.0,908.0,374.0,374.0,370.0,370.0,370.0,370.0,362.0
375,2022.10.27,50100.0,0.0,49950.0,50400.0,49950.0,1004.0,375.0,375.0,371.0,371.0,371.0,371.0,363.0
376,2022.10.26,50100.0,200.0,49900.0,50200.0,49700.0,1909.0,376.0,376.0,372.0,372.0,372.0,372.0,364.0
377,2022.10.25,49900.0,500.0,50300.0,50300.0,49450.0,1003.0,377.0,377.0,373.0,373.0,373.0,373.0,365.0
378,2022.10.24,50400.0,100.0,50500.0,50500.0,49500.0,2193.0,378.0,378.0,374.0,374.0,374.0,374.0,366.0
379,2022.10.21,50500.0,300.0,50300.0,50800.0,50000.0,423.0,379.0,379.0,375.0,375.0,375.0,375.0,367.0
380,2022.10.20,50800.0,200.0,51000.0,51000.0,50100.0,243.0,380.0,380.0,376.0,376.0,376.0,376.0,368.0
381,2022.10.19,51000.0,700.0,50500.0,51400.0,49950.0,1779.0,381.0,381.0,377.0,377.0,377.0,377.0,369.0
382,2022.10.18,50300.0,700.0,49450.0,50500.0,49450.0,608.0,382.0,382.0,378.0,378.0,378.0,378.0,370.0
383,2022.10.17,49600.0,1000.0,50400.0,50500.0,49600.0,1297.0,383.0,383.0,379.0,379.0,379.0,379.0,371.0
384,2022.10.14,50600.0,650.0,50400.0,50700.0,50200.0,1253.0,384.0,384.0,380.0,380.0,380.0,380.0,372.0
385,2022.10.13,49950.0,950.0,50900.0,50900.0,49900.0,3386.0,385.0,385.0,381.0,381.0,381.0,381.0,373.0
386,2022.10.12,50900.0,300.0,49800.0,51000.0,49800.0,1403.0,386.0,386.0,382.0,382.0,382.0,382.0,374.0
387,2022.10.11,50600.0,800.0,51000.0,51000.0,49900.0,1540.0,387.0,387.0,383.0,383.0,383.0,383.0,375.0
388,2022.10.07,51400.0,900.0,50600.0,51400.0,50200.0,772.0,388.0,388.0,384.0,384.0,384.0,384.0,376.0
389,2022.10.06,50500.0,2000.0,49950.0,53000.0,49200.0,8722.0,389.0,389.0,385.0,385.0,385.0,385.0,377.0
390,2022.10.05,48500.0,900.0,48100.0,48600.0,47950.0,2747.0,390.0,390.0,386.0,386.0,386.0,386.0,378.0
391,2022.10.04,47600.0,250.0,47200.0,48150.0,47200.0,1903.0,391.0,391.0,387.0,387.0,387.0,387.0,379.0
392,2022.09.30,47350.0,350.0,47350.0,47350.0,46850.0,739.0,392.0,392.0,388.0,388.0,388.0,388.0,380.0
393,2022.09.29,47700.0,50.0,47750.0,48000.0,47650.0,921.0,393.0,393.0,389.0,389.0,389.0,389.0,381.0
394,2022.09.28,47750.0,1650.0,49600.0,49600.0,47350.0,5369.0,394.0,394.0,390.0,390.0,390.0,390.0,382.0
395,2022.09.27,49400.0,900.0,50300.0,50300.0,49200.0,1252.0,395.0,395.0,391.0,391.0,391.0,391.0,383.0
396,2022.09.26,50300.0,1000.0,50400.0,51300.0,49900.0,2004.0,396.0,396.0,392.0,392.0,392.0,392.0,384.0
397,2022.09.23,51300.0,700.0,51400.0,51700.0,50900.0,1062.0,397.0,397.0,393.0,393.0,393.0,393.0,385.0
398,2022.09.22,52000.0,400.0,51600.0,52100.0,51100.0,1066.0,398.0,398.0,394.0,394.0,394.0,394.0,386.0
399,2022.09.21,51600.0,1100.0,52700.0,52700.0,51600.0,1468.0,399.0,399.0,395.0,395.0,395.0,395.0,387.0
400,2022.09.20,52700.0,100.0,52800.0,52900.0,52400.0,1101.0,400.0,400.0,396.0,396.0,396.0,396.0,388.0
401,2022.09.19,52800.0,200.0,53000.0,53000.0,52000.0,1101.0,401.0,401.0,397.0,397.0,397.0,397.0,389.0
402,2022.09.16,53000.0,200.0,53000.0,53400.0,52800.0,407.0,402.0,402.0,398.0,398.0,398.0,398.0,390.0
403,2022.09.15,52800.0,100.0,52700.0,53000.0,52700.0,337.0,403.0,403.0,399.0,399.0,399.0,399.0,391.0
404,2022.09.14,52700.0,200.0,52700.0,52800.0,52400.0,752.0,404.0,404.0,400.0,400.0,400.0,400.0,392.0
405,2022.09.13,52900.0,100.0,52800.0,52900.0,52500.0,876.0,405.0,405.0,401.0,401.0,401.0,401.0,393.0
406,2022.09.08,52800.0,400.0,52400.0,53200.0,52400.0,2977.0,406.0,406.0,402.0,402.0,402.0,402.0,394.0
407,2022.09.07,52400.0,900.0,53400.0,53400.0,52400.0,1787.0,407.0,407.0,403.0,403.0,403.0,403.0,395.0
408,2022.09.06,53300.0,1000.0,52200.0,53500.0,52200.0,1093.0,408.0,408.0,404.0,404.0,404.0,404.0,396.0
409,2022.09.05,52300.0,700.0,52900.0,53300.0,52300.0,933.0,409.0,409.0,405.0,405.0,405.0,405.0,397.0
410,2022.09.02,53000.0,700.0,53100.0,53300.0,51800.0,826.0,410.0,410.0,406.0,406.0,406.0,406.0,398.0
411,2022.09.01,52300.0,300.0,52900.0,53000.0,52300.0,714.0,411.0,411.0,407.0,407.0,407.0,407.0,399.0
412,2022.08.31,52600.0,200.0,52500.0,53500.0,52500.0,1343.0,412.0,412.0,408.0,408.0,408.0,408.0,400.0
413,2022.08.30,52800.0,0.0,52800.0,53100.0,52600.0,617.0,413.0,413.0,409.0,409.0,409.0,409.0,401.0
414,2022.08.29,52800.0,300.0,52400.0,52800.0,51500.0,1080.0,414.0,414.0,410.0,410.0,410.0,410.0,402.0
415,2022.08.26,53100.0,100.0,53100.0,53300.0,52900.0,1038.0,415.0,415.0,411.0,411.0,411.0,411.0,403.0
416,2022.08.25,53000.0,100.0,52900.0,53000.0,52500.0,1712.0,416.0,416.0,412.0,412.0,412.0,412.0,404.0
417,2022.08.24,52900.0,400.0,52200.0,52900.0,52200.0,2072.0,417.0,417.0,413.0,413.0,413.0,413.0,405.0
418,2022.08.23,52500.0,200.0,51500.0,52600.0,51300.0,2096.0,418.0,418.0,414.0,414.0,414.0,414.0,406.0
419,2022.08.22,52300.0,800.0,53100.0,53300.0,51800.0,3183.0,419.0,419.0,415.0,415.0,415.0,415.0,407.0
420,2022.08.19,53100.0,100.0,53200.0,53500.0,52800.0,573.0,420.0,420.0,416.0,416.0,416.0,416.0,408.0
421,2022.08.18,53200.0,100.0,53300.0,53400.0,52600.0,605.0,421.0,421.0,417.0,417.0,417.0,417.0,409.0
422,2022.08.17,53300.0,700.0,53400.0,53700.0,53000.0,994.0,422.0,422.0,418.0,418.0,418.0,418.0,410.0
423,2022.08.16,54000.0,100.0,54000.0,54300.0,53900.0,1108.0,423.0,423.0,419.0,419.0,419.0,419.0,411.0
424,2022.08.12,53900.0,200.0,54100.0,54200.0,53000.0,1892.0,424.0,424.0,420.0,420.0,420.0,420.0,412.0
425,2022.08.11,53700.0,300.0,53400.0,53700.0,53100.0,1327.0,425.0,425.0,421.0,421.0,421.0,421.0,413.0
426,2022.08.10,53400.0,200.0,53200.0,53500.0,52800.0,930.0,426.0,426.0,422.0,422.0,422.0,422.0,414.0
427,2022.08.09,53200.0,100.0,53500.0,53500.0,52700.0,1180.0,427.0,427.0,423.0,423.0,423.0,423.0,415.0
428,2022.08.08,53300.0,300.0,53600.0,53600.0,52600.0,999.0,428.0,428.0,424.0,424.0,424.0,424.0,416.0
429,2022.08.05,53600.0,200.0,54400.0,54400.0,53300.0,403.0,429.0,429.0,425.0,425.0,425.0,425.0,417.0
430,2022.08.04,53800.0,300.0,53600.0,53800.0,53200.0,792.0,430.0,430.0,426.0,426.0,426.0,426.0,418.0
431,2022.08.03,53500.0,100.0,53600.0,53700.0,53000.0,1526.0,431.0,431.0,427.0,427.0,427.0,427.0,419.0
432,2022.08.02,53600.0,100.0,53700.0,53800.0,53400.0,480.0,432.0,432.0,428.0,428.0,428.0,428.0,420.0
433,2022.08.01,53700.0,0.0,53700.0,54500.0,53100.0,1987.0,433.0,433.0,429.0,429.0,429.0,429.0,421.0
434,2022.07.29,53700.0,500.0,53200.0,53700.0,52300.0,1108.0,434.0,434.0,430.0,430.0,430.0,430.0,422.0
435,2022.07.28,53200.0,0.0,53200.0,53200.0,53000.0,317.0,435.0,435.0,431.0,431.0,431.0,431.0,423.0
436,2022.07.27,53200.0,100.0,53300.0,53400.0,52500.0,856.0,436.0,436.0,432.0,432.0,432.0,432.0,424.0
437,2022.07.26,53300.0,100.0,53200.0,53400.0,52800.0,434.0,437.0,437.0,433.0,433.0,433.0,433.0,425.0
438,2022.07.25,53200.0,200.0,53400.0,53400.0,52200.0,970.0,438.0,438.0,434.0,434.0,434.0,434.0,426.0
439,2022.07.22,53400.0,100.0,53800.0,53800.0,52800.0,1144.0,439.0,439.0,435.0,435.0,435.0,435.0,427.0
440,2022.07.21,53500.0,100.0,53200.0,53600.0,53200.0,335.0,440.0,440.0,436.0,436.0,436.0,436.0,428.0
441,2022.07.20,53600.0,300.0,53500.0,54000.0,52600.0,1537.0,441.0,441.0,437.0,437.0,437.0,437.0,429.0
442,2022.07.19,53300.0,300.0,53600.0,53600.0,53000.0,212.0,442.0,442.0,438.0,438.0,438.0,438.0,430.0
443,2022.07.18,53000.0,1000.0,52500.0,54600.0,52100.0,1189.0,443.0,443.0,439.0,439.0,439.0,439.0,431.0
444,2022.07.15,52000.0,0.0,52000.0,52500.0,51500.0,449.0,444.0,444.0,440.0,440.0,440.0,440.0,432.0
445,2022.07.14,52000.0,700.0,52900.0,52900.0,51000.0,2693.0,445.0,445.0,441.0,441.0,441.0,441.0,433.0
446,2022.07.13,52700.0,400.0,51700.0,52700.0,51400.0,1380.0,446.0,446.0,442.0,442.0,442.0,442.0,434.0
447,2022.07.12,52300.0,800.0,52500.0,52600.0,51200.0,3388.0,447.0,447.0,443.0,443.0,443.0,443.0,435.0
448,2022.07.11,53100.0,300.0,53000.0,53200.0,52600.0,2965.0,448.0,448.0,444.0,444.0,444.0,444.0,436.0
449,2022.07.08,53400.0,800.0,52500.0,53400.0,52200.0,1048.0,449.0,449.0,445.0,445.0,445.0,445.0,437.0
450,2022.07.07,52600.0,200.0,52400.0,52800.0,52000.0,8705.0,450.0,450.0,446.0,446.0,446.0,446.0,438.0
451,2022.07.06,52400.0,1100.0,53600.0,53600.0,52400.0,647.0,451.0,451.0,447.0,447.0,447.0,447.0,439.0
452,2022.07.05,53500.0,900.0,52800.0,53500.0,52600.0,3288.0,452.0,452.0,448.0,448.0,448.0,448.0,440.0
453,2022.07.04,52600.0,300.0,52100.0,52600.0,51700.0,2749.0,453.0,453.0,449.0,449.0,449.0,449.0,441.0
454,2022.07.01,52300.0,100.0,51500.0,52700.0,51500.0,1588.0,454.0,454.0,450.0,450.0,450.0,450.0,442.0
455,2022.06.30,52200.0,700.0,51800.0,52200.0,51100.0,1850.0,455.0,455.0,451.0,451.0,451.0,451.0,443.0
456,2022.06.29,51500.0,0.0,51100.0,51600.0,50800.0,641.0,456.0,456.0,452.0,452.0,452.0,452.0,444.0
457,2022.06.28,51500.0,100.0,51500.0,51600.0,50500.0,920.0,457.0,457.0,453.0,453.0,453.0,453.0,445.0
458,2022.06.27,51600.0,1000.0,50600.0,51700.0,50600.0,1128.0,458.0,458.0,454.0,454.0,454.0,454.0,446.0
459,2022.06.24,50600.0,600.0,50000.0,50800.0,50000.0,1092.0,459.0,459.0,455.0,455.0,455.0,455.0,447.0
460,2022.06.23,50000.0,700.0,50500.0,50900.0,49750.0,6300.0,460.0,460.0,456.0,456.0,456.0,456.0,448.0
461,2022.06.22,50700.0,1200.0,51700.0,51800.0,50700.0,2112.0,461.0,461.0,457.0,457.0,457.0,457.0,449.0
462,2022.06.21,51900.0,400.0,51200.0,51900.0,51000.0,2411.0,462.0,462.0,458.0,458.0,458.0,458.0,450.0
463,2022.06.20,51500.0,2000.0,53000.0,53000.0,51000.0,2341.0,463.0,463.0,459.0,459.0,459.0,459.0,451.0
464,2022.06.17,53500.0,0.0,53000.0,53500.0,51600.0,3898.0,464.0,464.0,460.0,460.0,460.0,460.0,452.0
465,2022.06.16,53500.0,100.0,53300.0,54400.0,53300.0,1251.0,465.0,465.0,461.0,461.0,461.0,461.0,453.0
466,2022.06.15,53400.0,600.0,54300.0,54300.0,52900.0,1650.0,466.0,466.0,462.0,462.0,462.0,462.0,454.0
467,2022.06.14,54000.0,900.0,54000.0,54900.0,53200.0,4294.0,467.0,467.0,463.0,463.0,463.0,463.0,455.0
468,2022.06.13,54900.0,1100.0,55600.0,59900.0,54900.0,6611.0,468.0,468.0,464.0,464.0,464.0,464.0,456.0
469,2022.06.10,56000.0,0.0,56000.0,56200.0,55600.0,700.0,469.0,469.0,465.0,465.0,465.0,465.0,457.0
470,2022.06.09,56000.0,1300.0,57300.0,57300.0,55900.0,3404.0,470.0,470.0,466.0,466.0,466.0,466.0,458.0
471,2022.06.08,57300.0,300.0,57000.0,57400.0,57000.0,1062.0,471.0,471.0,467.0,467.0,467.0,467.0,459.0
472,2022.06.07,57000.0,700.0,57700.0,57900.0,56500.0,1747.0,472.0,472.0,468.0,468.0,468.0,468.0,460.0
473,2022.06.03,57700.0,900.0,58700.0,58900.0,57700.0,2171.0,473.0,473.0,469.0,469.0,469.0,469.0,461.0
474,2022.06.02,58600.0,300.0,57800.0,58600.0,57600.0,1059.0,474.0,474.0,470.0,470.0,470.0,470.0,462.0
475,2022.05.31,58300.0,200.0,57900.0,58700.0,57900.0,1742.0,475.0,475.0,471.0,471.0,471.0,471.0,463.0
476,2022.05.30,58500.0,1000.0,57300.0,58500.0,57300.0,2282.0,476.0,476.0,472.0,472.0,472.0,472.0,464.0
477,2022.05.27,57500.0,200.0,57000.0,57600.0,57000.0,1134.0,477.0,477.0,473.0,473.0,473.0,473.0,465.0
478,2022.05.26,57300.0,100.0,57100.0,57600.0,56800.0,2084.0,478.0,478.0,474.0,474.0,474.0,474.0,466.0
479,2022.05.25,57400.0,1000.0,56500.0,57800.0,56200.0,2033.0,479.0,479.0,475.0,475.0,475.0,475.0,467.0
480,2022.05.24,56400.0,200.0,56600.0,56600.0,56000.0,1596.0,480.0,480.0,476.0,476.0,476.0,476.0,468.0
481,2022.05.23,56600.0,200.0,56200.0,56700.0,56000.0,883.0,481.0,481.0,477.0,477.0,477.0,477.0,469.0
482,2022.05.20,56400.0,1300.0,55100.0,56400.0,55100.0,1989.0,482.0,482.0,478.0,478.0,478.0,478.0,470.0
483,2022.05.19,55100.0,800.0,55800.0,56000.0,55000.0,9288.0,483.0,483.0,479.0,479.0,479.0,479.0,471.0
484,2022.05.18,55900.0,200.0,55800.0,56000.0,55300.0,4863.0,484.0,484.0,480.0,480.0,480.0,480.0,472.0
485,2022.05.17,55700.0,300.0,56000.0,56200.0,55000.0,3737.0,485.0,485.0,481.0,481.0,481.0,481.0,473.0
486,2022.05.16,56000.0,0.0,56500.0,56500.0,55500.0,2143.0,486.0,486.0,482.0,482.0,482.0,482.0,474.0
487,2022.05.13,56000.0,300.0,55700.0,56300.0,55200.0,1771.0,487.0,487.0,483.0,483.0,483.0,483.0,475.0
488,2022.05.12,55700.0,1400.0,57300.0,57300.0,55500.0,1385.0,488.0,488.0,484.0,484.0,484.0,484.0,476.0
489,2022.05.11,57100.0,900.0,56500.0,57200.0,56400.0,2246.0,489.0,489.0,485.0,485.0,485.0,485.0,477.0
490,2022.05.10,56200.0,1000.0,54900.0,57900.0,54800.0,6838.0,490.0,490.0,486.0,486.0,486.0,486.0,478.0
491,2022.05.09,55200.0,1700.0,56800.0,56800.0,55200.0,2436.0,491.0,491.0,487.0,487.0,487.0,487.0,479.0
492,2022.05.06,56900.0,600.0,57500.0,57500.0,56300.0,2531.0,492.0,492.0,488.0,488.0,488.0,488.0,480.0
493,2022.05.04,57500.0,400.0,58000.0,58000.0,57100.0,1418.0,493.0,493.0,489.0,489.0,489.0,489.0,481.0
494,2022.05.03,57900.0,100.0,57800.0,58000.0,57400.0,2060.0,494.0,494.0,490.0,490.0,490.0,490.0,482.0
495,2022.05.02,57800.0,200.0,57200.0,58000.0,57200.0,1652.0,495.0,495.0,491.0,491.0,491.0,491.0,483.0
496,2022.04.29,57600.0,200.0,57400.0,57800.0,56900.0,2250.0,496.0,496.0,492.0,492.0,492.0,492.0,484.0
497,2022.04.28,57400.0,700.0,58000.0,58100.0,57300.0,3399.0,497.0,497.0,493.0,493.0,493.0,493.0,485.0
498,2022.04.27,58100.0,1100.0,59200.0,59200.0,58100.0,1940.0,498.0,498.0,494.0,494.0,494.0,494.0,486.0
499,2022.04.26,59200.0,700.0,58400.0,59200.0,58400.0,1282.0,499.0,499.0,495.0,495.0,495.0,495.0,487.0
500,2022.04.25,58500.0,800.0,59100.0,59300.0,58300.0,1701.0,500.0,500.0,496.0,496.0,496.0,496.0,488.0
501,2022.04.22,59300.0,700.0,58500.0,59700.0,58200.0,3292.0,501.0,501.0,497.0,497.0,497.0,497.0,489.0
502,2022.04.21,58600.0,300.0,58700.0,58800.0,58100.0,2976.0,502.0,502.0,498.0,498.0,498.0,498.0,490.0
503,2022.04.20,58300.0,100.0,58500.0,58500.0,57800.0,2411.0,503.0,503.0,499.0,499.0,499.0,499.0,491.0
504,2022.04.19,58200.0,600.0,58500.0,58700.0,57900.0,3690.0,504.0,504.0,500.0,500.0,500.0,500.0,492.0
505,2022.04.18,58800.0,100.0,59200.0,59200.0,58500.0,1606.0,505.0,505.0,501.0,501.0,501.0,501.0,493.0
506,2022.04.15,58900.0,100.0,59000.0,59100.0,58500.0,2390.0,506.0,506.0,502.0,502.0,502.0,502.0,494.0
507,2022.04.14,59000.0,500.0,59500.0,59700.0,58900.0,1699.0,507.0,507.0,503.0,503.0,503.0,503.0,495.0
508,2022.04.13,59500.0,600.0,59400.0,59500.0,59000.0,1148.0,508.0,508.0,504.0,504.0,504.0,504.0,496.0
509,2022.04.12,58900.0,1000.0,59900.0,59900.0,58800.0,1943.0,509.0,509.0,505.0,505.0,505.0,505.0,497.0
510,2022.04.11,59900.0,200.0,59000.0,59900.0,58600.0,2412.0,510.0,510.0,506.0,506.0,506.0,506.0,498.0
511,2022.04.08,59700.0,1000.0,58500.0,59700.0,58500.0,1297.0,511.0,511.0,507.0,507.0,507.0,507.0,499.0
512,2022.04.07,58700.0,1000.0,59700.0,59700.0,58400.0,2579.0,512.0,512.0,508.0,508.0,508.0,508.0,500.0
513,2022.04.06,59700.0,0.0,59400.0,59800.0,59300.0,1722.0,513.0,513.0,509.0,509.0,509.0,509.0,501.0
514,2022.04.05,59700.0,100.0,59800.0,60100.0,59400.0,2217.0,514.0,514.0,510.0,510.0,510.0,510.0,502.0
515,2022.04.04,59800.0,0.0,59800.0,60000.0,59300.0,2790.0,515.0,515.0,511.0,511.0,511.0,511.0,503.0
516,2022.04.01,59800.0,0.0,60100.0,60900.0,59100.0,2264.0,516.0,516.0,512.0,512.0,512.0,512.0,504.0
517,2022.03.31,59800.0,600.0,59300.0,60000.0,59000.0,2423.0,517.0,517.0,513.0,513.0,513.0,513.0,505.0
518,2022.03.30,59200.0,100.0,60000.0,60000.0,58900.0,1950.0,518.0,518.0,514.0,514.0,514.0,514.0,506.0
519,2022.03.29,59100.0,0.0,59200.0,59600.0,58600.0,2600.0,519.0,519.0,515.0,515.0,515.0,515.0,507.0
520,2022.03.28,59100.0,0.0,59200.0,59700.0,58800.0,2788.0,520.0,520.0,516.0,516.0,516.0,516.0,508.0
521,2022.03.25,59100.0,1400.0,57900.0,60000.0,57800.0,4771.0,521.0,521.0,517.0,517.0,517.0,517.0,509.0
522,2022.03.24,57700.0,700.0,57000.0,57800.0,56900.0,2595.0,522.0,522.0,518.0,518.0,518.0,518.0,510.0
523,2022.03.23,57000.0,0.0,57100.0,57500.0,57000.0,1936.0,523.0,523.0,519.0,519.0,519.0,519.0,511.0
524,2022.03.22,57000.0,500.0,57500.0,57500.0,56800.0,3067.0,524.0,524.0,520.0,520.0,520.0,520.0,512.0
525,2022.03.21,57500.0,100.0,57800.0,57800.0,57400.0,2776.0,525.0,525.0,521.0,521.0,521.0,521.0,513.0
526,2022.03.18,57600.0,600.0,57000.0,57600.0,56800.0,4013.0,526.0,526.0,522.0,522.0,522.0,522.0,514.0
527,2022.03.17,57000.0,400.0,56800.0,57000.0,56300.0,2421.0,527.0,527.0,523.0,523.0,523.0,523.0,515.0
528,2022.03.16,56600.0,300.0,56400.0,56600.0,56100.0,1648.0,528.0,528.0,524.0,524.0,524.0,524.0,516.0
529,2022.03.15,56300.0,0.0,56300.0,56400.0,56000.0,2024.0,529.0,529.0,525.0,525.0,525.0,525.0,517.0
530,2022.03.14,56300.0,100.0,56400.0,56400.0,56200.0,1223.0,530.0,530.0,526.0,526.0,526.0,526.0,518.0
531,2022.03.11,56400.0,200.0,56300.0,56600.0,56200.0,1348.0,531.0,531.0,527.0,527.0,527.0,527.0,519.0
532,2022.03.10,56200.0,500.0,55800.0,56300.0,55700.0,1034.0,532.0,532.0,528.0,528.0,528.0,528.0,520.0
533,2022.03.08,55700.0,200.0,55500.0,55900.0,54800.0,1841.0,533.0,533.0,529.0,529.0,529.0,529.0,521.0
534,2022.03.07,55900.0,600.0,56400.0,56400.0,55700.0,1469.0,534.0,534.0,530.0,530.0,530.0,530.0,522.0
535,2022.03.04,56500.0,100.0,56900.0,56900.0,56200.0,2352.0,535.0,535.0,531.0,531.0,531.0,531.0,523.0
536,2022.03.03,56600.0,200.0,56400.0,56700.0,56200.0,9376.0,536.0,536.0,532.0,532.0,532.0,532.0,524.0
537,2022.03.02,56400.0,0.0,56400.0,56400.0,56100.0,1419.0,537.0,537.0,533.0,533.0,533.0,533.0,525.0
538,2022.02.28,56400.0,600.0,56400.0,56600.0,55600.0,1110.0,538.0,538.0,534.0,534.0,534.0,534.0,526.0
539,2022.02.25,55800.0,400.0,55400.0,56500.0,55400.0,1955.0,539.0,539.0,535.0,535.0,535.0,535.0,527.0
540,2022.02.24,55400.0,1400.0,56900.0,56900.0,55100.0,15898.0,540.0,540.0,536.0,536.0,536.0,536.0,528.0
541,2022.02.23,56800.0,300.0,56500.0,56800.0,55900.0,2685.0,541.0,541.0,537.0,537.0,537.0,537.0,529.0
542,2022.02.22,56500.0,500.0,57000.0,57000.0,56200.0,1447.0,542.0,542.0,538.0,538.0,538.0,538.0,530.0
543,2022.02.21,57000.0,300.0,57300.0,57400.0,56700.0,1935.0,543.0,543.0,539.0,539.0,539.0,539.0,531.0
544,2022.02.18,57300.0,0.0,56700.0,57300.0,56700.0,2029.0,544.0,544.0,540.0,540.0,540.0,540.0,532.0
545,2022.02.17,57300.0,300.0,57100.0,57400.0,56700.0,2362.0,545.0,545.0,541.0,541.0,541.0,541.0,533.0
546,2022.02.16,57000.0,100.0,57100.0,57500.0,57000.0,2213.0,546.0,546.0,542.0,542.0,542.0,542.0,534.0
547,2022.02.15,57100.0,100.0,57200.0,57400.0,56900.0,1935.0,547.0,547.0,543.0,543.0,543.0,543.0,535.0
548,2022.02.14,57200.0,100.0,57100.0,57400.0,56400.0,2419.0,548.0,548.0,544.0,544.0,544.0,544.0,536.0
549,2022.02.11,57300.0,200.0,57500.0,57500.0,56800.0,1378.0,549.0,549.0,545.0,545.0,545.0,545.0,537.0
550,2022.02.10,57500.0,0.0,57000.0,57500.0,57000.0,2173.0,550.0,550.0,546.0,546.0,546.0,546.0,538.0
551,2022.02.09,57500.0,500.0,57000.0,57500.0,57000.0,936.0,551.0,551.0,547.0,547.0,547.0,547.0,539.0
552,2022.02.08,57000.0,600.0,57600.0,57700.0,56800.0,3724.0,552.0,552.0,548.0,548.0,548.0,548.0,540.0
553,2022.02.07,57600.0,100.0,57500.0,57600.0,57000.0,3108.0,553.0,553.0,549.0,549.0,549.0,549.0,541.0
554,2022.02.04,57500.0,500.0,57000.0,58000.0,56700.0,4059.0,554.0,554.0,550.0,550.0,550.0,550.0,542.0
555,2022.02.03,57000.0,700.0,57800.0,57800.0,56400.0,1131.0,555.0,555.0,551.0,551.0,551.0,551.0,543.0
556,2022.01.28,56300.0,2100.0,54400.0,56500.0,54100.0,2954.0,556.0,556.0,552.0,552.0,552.0,552.0,544.0
557,2022.01.27,54200.0,1100.0,55400.0,55900.0,54000.0,4117.0,557.0,557.0,553.0,553.0,553.0,553.0,545.0
558,2022.01.26,55300.0,400.0,54400.0,56000.0,54400.0,1265.0,558.0,558.0,554.0,554.0,554.0,554.0,546.0
559,2022.01.25,54900.0,1900.0,56900.0,56900.0,54500.0,5834.0,559.0,559.0,555.0,555.0,555.0,555.0,547.0
560,2022.01.24,56800.0,800.0,57600.0,57600.0,56300.0,4203.0,560.0,560.0,556.0,556.0,556.0,556.0,548.0
561,2022.01.21,57600.0,100.0,57800.0,58100.0,57400.0,1559.0,561.0,561.0,557.0,557.0,557.0,557.0,549.0
562,2022.01.20,57700.0,200.0,57100.0,58100.0,57100.0,1690.0,562.0,562.0,558.0,558.0,558.0,558.0,550.0
563,2022.01.19,57500.0,100.0,57600.0,58100.0,57100.0,2651.0,563.0,563.0,559.0,559.0,559.0,559.0,551.0
564,2022.01.18,57600.0,300.0,58000.0,58500.0,57300.0,3754.0,564.0,564.0,560.0,560.0,560.0,560.0,552.0
565,2022.01.17,57900.0,0.0,58400.0,58700.0,57700.0,6404.0,565.0,565.0,561.0,561.0,561.0,561.0,553.0
566,2022.01.14,57900.0,100.0,58300.0,58500.0,57700.0,4798.0,566.0,566.0,562.0,562.0,562.0,562.0,554.0
567,2022.01.13,58000.0,200.0,58200.0,58200.0,57700.0,3040.0,567.0,567.0,563.0,563.0,563.0,563.0,555.0
568,2022.01.12,57800.0,0.0,57900.0,58100.0,57600.0,3723.0,568.0,568.0,564.0,564.0,564.0,564.0,556.0
569,2022.01.11,57800.0,100.0,58200.0,58200.0,57600.0,2079.0,569.0,569.0,565.0,565.0,565.0,565.0,557.0
570,2022.01.10,57700.0,200.0,58100.0,58100.0,57500.0,1275.0,570.0,570.0,566.0,566.0,566.0,566.0,558.0
571,2022.01.07,57500.0,500.0,57000.0,57500.0,57000.0,1475.0,571.0,571.0,567.0,567.0,567.0,567.0,559.0
572,2022.01.06,57000.0,800.0,57800.0,57900.0,57000.0,3383.0,572.0,572.0,568.0,568.0,568.0,568.0,560.0
573,2022.01.05,57800.0,200.0,58000.0,58100.0,57400.0,3358.0,573.0,573.0,569.0,569.0,569.0,569.0,561.0
574,2022.01.04,58000.0,100.0,58000.0,58300.0,57100.0,2743.0,574.0,574.0,570.0,570.0,570.0,570.0,562.0
575,2022.01.03,57900.0,100.0,59700.0,59700.0,57500.0,4005.0,575.0,575.0,571.0,571.0,571.0,571.0,563.0
576,2021.12.30,58000.0,0.0,58100.0,58100.0,57400.0,1730.0,576.0,576.0,572.0,572.0,572.0,572.0,564.0
577,2021.12.29,58000.0,400.0,58100.0,58200.0,57900.0,1900.0,577.0,577.0,573.0,573.0,573.0,573.0,565.0
578,2021.12.28,58400.0,200.0,58400.0,58400.0,58100.0,5679.0,578.0,578.0,574.0,574.0,574.0,574.0,566.0
579,2021.12.27,58200.0,100.0,58100.0,58300.0,57900.0,2826.0,579.0,579.0,575.0,575.0,575.0,575.0,567.0
580,2021.12.24,58100.0,100.0,58100.0,58300.0,57500.0,1853.0,580.0,580.0,576.0,576.0,576.0,576.0,568.0
581,2021.12.23,58000.0,300.0,57900.0,58100.0,57500.0,1911.0,581.0,581.0,577.0,577.0,577.0,577.0,569.0
582,2021.12.22,57700.0,200.0,58300.0,58300.0,57200.0,3414.0,582.0,582.0,578.0,578.0,578.0,578.0,570.0
583,2021.12.21,57900.0,100.0,57800.0,57900.0,57100.0,1480.0,583.0,583.0,579.0,579.0,579.0,579.0,571.0
584,2021.12.20,57800.0,500.0,58300.0,58300.0,57800.0,1722.0,584.0,584.0,580.0,580.0,580.0,580.0,572.0
585,2021.12.17,58300.0,200.0,57900.0,58500.0,57900.0,1870.0,585.0,585.0,581.0,581.0,581.0,581.0,573.0
586,2021.12.16,58500.0,500.0,59300.0,59300.0,57800.0,2160.0,586.0,586.0,582.0,582.0,582.0,582.0,574.0
587,2021.12.15,59000.0,500.0,58200.0,59000.0,58200.0,795.0,587.0,587.0,583.0,583.0,583.0,583.0,575.0
588,2021.12.14,58500.0,600.0,59100.0,59100.0,58100.0,2356.0,588.0,588.0,584.0,584.0,584.0,584.0,576.0
589,2021.12.13,59100.0,200.0,59000.0,59200.0,58300.0,4697.0,589.0,589.0,585.0,585.0,585.0,585.0,577.0
590,2021.12.10,58900.0,300.0,58900.0,59000.0,58000.0,1438.0,590.0,590.0,586.0,586.0,586.0,586.0,578.0
591,2021.12.09,58600.0,0.0,59100.0,59100.0,58200.0,1984.0,591.0,591.0,587.0,587.0,587.0,587.0,579.0
592,2021.12.08,58600.0,400.0,59000.0,59100.0,58400.0,4521.0,592.0,592.0,588.0,588.0,588.0,588.0,580.0
593,2021.12.07,59000.0,0.0,59500.0,59500.0,58500.0,4166.0,593.0,593.0,589.0,589.0,589.0,589.0,581.0
594,2021.12.06,59000.0,100.0,59100.0,59100.0,58500.0,1532.0,594.0,594.0,590.0,590.0,590.0,590.0,582.0
595,2021.12.03,59100.0,600.0,59000.0,59100.0,58500.0,1370.0,595.0,595.0,591.0,591.0,591.0,591.0,583.0
596,2021.12.02,58500.0,500.0,59300.0,59300.0,57700.0,1751.0,596.0,596.0,592.0,592.0,592.0,592.0,584.0
597,2021.12.01,58000.0,500.0,56500.0,58000.0,56500.0,2819.0,597.0,597.0,593.0,593.0,593.0,593.0,585.0
598,2021.11.30,57500.0,300.0,58500.0,58900.0,56300.0,6720.0,598.0,598.0,594.0,594.0,594.0,594.0,586.0
599,2021.11.29,57800.0,600.0,57400.0,58300.0,55300.0,3434.0,599.0,599.0,595.0,595.0,595.0,595.0,587.0
600,2021.11.26,58400.0,800.0,59200.0,59400.0,57900.0,7863.0,600.0,600.0,596.0,596.0,596.0,596.0,588.0
601,2021.11.25,59200.0,600.0,59800.0,60100.0,58900.0,3423.0,601.0,601.0,597.0,597.0,597.0,597.0,589.0
602,2021.11.24,59800.0,100.0,59600.0,60500.0,59200.0,7529.0,602.0,602.0,598.0,598.0,598.0,598.0,590.0
603,2021.11.23,59700.0,100.0,59300.0,59900.0,59200.0,2761.0,603.0,603.0,599.0,599.0,599.0,599.0,591.0
604,2021.11.22,59800.0,300.0,59500.0,60000.0,59300.0,2773.0,604.0,604.0,600.0,600.0,600.0,600.0,592.0
605,2021.11.19,59500.0,100.0,59600.0,59600.0,59000.0,4016.0,605.0,605.0,601.0,601.0,601.0,601.0,593.0
606,2021.11.18,59600.0,0.0,59600.0,59800.0,59000.0,3378.0,606.0,606.0,602.0,602.0,602.0,602.0,594.0
607,2021.11.17,59600.0,1100.0,60600.0,60800.0,59600.0,7424.0,607.0,607.0,603.0,603.0,603.0,603.0,595.0
608,2021.11.16,60700.0,1700.0,61900.0,61900.0,60400.0,10295.0,608.0,608.0,604.0,604.0,604.0,604.0,596.0
609,2021.11.15,62400.0,0.0,62500.0,63000.0,62000.0,994.0,609.0,609.0,605.0,605.0,605.0,605.0,597.0
610,2021.11.12,62400.0,900.0,61500.0,62800.0,61000.0,1675.0,610.0,610.0,606.0,606.0,606.0,606.0,598.0
611,2021.11.11,61500.0,200.0,62000.0,62000.0,61300.0,2810.0,611.0,611.0,607.0,607.0,607.0,607.0,599.0
612,2021.11.10,61700.0,1000.0,62700.0,62800.0,61300.0,4489.0,612.0,612.0,608.0,608.0,608.0,608.0,600.0
613,2021.11.09,62700.0,400.0,63100.0,63300.0,62400.0,3838.0,613.0,613.0,609.0,609.0,609.0,609.0,601.0
614,2021.11.08,63100.0,300.0,63400.0,63400.0,62700.0,1836.0,614.0,614.0,610.0,610.0,610.0,610.0,602.0
615,2021.11.05,63400.0,400.0,63300.0,63400.0,63000.0,4610.0,615.0,615.0,611.0,611.0,611.0,611.0,603.0
616,2021.11.04,63000.0,300.0,63900.0,63900.0,63000.0,2502.0,616.0,616.0,612.0,612.0,612.0,612.0,604.0
617,2021.11.03,63300.0,500.0,64200.0,64200.0,63300.0,3421.0,617.0,617.0,613.0,613.0,613.0,613.0,605.0
618,2021.11.02,63800.0,100.0,63500.0,64100.0,63500.0,3560.0,618.0,618.0,614.0,614.0,614.0,614.0,606.0
619,2021.11.01,63900.0,100.0,64000.0,64200.0,63500.0,4666.0,619.0,619.0,615.0,615.0,615.0,615.0,607.0
620,2021.10.29,64000.0,100.0,64100.0,64100.0,63700.0,3014.0,620.0,620.0,616.0,616.0,616.0,616.0,608.0
621,2021.10.28,64100.0,200.0,64700.0,64700.0,64000.0,6614.0,621.0,621.0,617.0,617.0,617.0,617.0,609.0
622,2021.10.27,64300.0,100.0,64500.0,65000.0,64200.0,3976.0,622.0,622.0,618.0,618.0,618.0,618.0,610.0
623,2021.10.26,64200.0,200.0,63900.0,65400.0,63900.0,6241.0,623.0,623.0,619.0,619.0,619.0,619.0,611.0
624,2021.10.25,64000.0,0.0,64000.0,64300.0,63800.0,5633.0,624.0,624.0,620.0,620.0,620.0,620.0,612.0
625,2021.10.22,64000.0,0.0,64000.0,64400.0,63100.0,9741.0,625.0,625.0,621.0,621.0,621.0,621.0,613.0
626,2021.10.21,64000.0,0.0,64000.0,64600.0,63200.0,13671.0,626.0,626.0,622.0,622.0,622.0,622.0,614.0
627,2021.10.20,64000.0,100.0,64200.0,64300.0,63500.0,3128.0,627.0,627.0,623.0,623.0,623.0,623.0,615.0
628,2021.10.19,63900.0,400.0,63500.0,64000.0,63500.0,2572.0,628.0,628.0,624.0,624.0,624.0,624.0,616.0
629,2021.10.18,63500.0,300.0,63200.0,64000.0,63200.0,3251.0,629.0,629.0,625.0,625.0,625.0,625.0,617.0
630,2021.10.15,63800.0,400.0,64500.0,64600.0,63500.0,6226.0,630.0,630.0,626.0,626.0,626.0,626.0,618.0
631,2021.10.14,64200.0,100.0,64500.0,64500.0,63700.0,6485.0,631.0,631.0,627.0,627.0,627.0,627.0,619.0
632,2021.10.13,64100.0,700.0,63700.0,64100.0,63300.0,13004.0,632.0,632.0,628.0,628.0,628.0,628.0,620.0
633,2021.10.12,63400.0,1200.0,64600.0,64600.0,63200.0,2455.0,633.0,633.0,629.0,629.0,629.0,629.0,621.0
634,2021.10.08,64600.0,100.0,64500.0,65200.0,63600.0,2881.0,634.0,634.0,630.0,630.0,630.0,630.0,622.0
635,2021.10.07,64500.0,1800.0,62100.0,64700.0,62100.0,3557.0,635.0,635.0,631.0,631.0,631.0,631.0,623.0
636,2021.10.06,62700.0,1800.0,64700.0,65100.0,62700.0,5467.0,636.0,636.0,632.0,632.0,632.0,632.0,624.0
637,2021.10.05,64500.0,1000.0,65500.0,65800.0,63300.0,6178.0,637.0,637.0,633.0,633.0,633.0,633.0,625.0
638,2021.10.01,65500.0,1000.0,66500.0,66500.0,64500.0,4503.0,638.0,638.0,634.0,634.0,634.0,634.0,626.0
639,2021.09.30,66500.0,0.0,66600.0,66800.0,66000.0,2456.0,639.0,639.0,635.0,635.0,635.0,635.0,627.0
640,2021.09.29,66500.0,600.0,65900.0,66500.0,65000.0,4100.0,640.0,640.0,636.0,636.0,636.0,636.0,628.0
641,2021.09.28,65900.0,1000.0,66800.0,66800.0,65900.0,4044.0,641.0,641.0,637.0,637.0,637.0,637.0,629.0
642,2021.09.27,66900.0,600.0,66300.0,66900.0,66000.0,2549.0,642.0,642.0,638.0,638.0,638.0,638.0,630.0
643,2021.09.24,66300.0,500.0,66600.0,67400.0,66000.0,5152.0,643.0,643.0,639.0,639.0,639.0,639.0,631.0
644,2021.09.23,66800.0,400.0,67200.0,67600.0,66600.0,5083.0,644.0,644.0,640.0,640.0,640.0,640.0,632.0
645,2021.09.17,67200.0,500.0,66700.0,67600.0,66600.0,4708.0,645.0,645.0,641.0,641.0,641.0,641.0,633.0
646,2021.09.16,66700.0,1600.0,68300.0,68500.0,66500.0,12953.0,646.0,646.0,642.0,642.0,642.0,642.0,634.0
647,2021.09.15,68300.0,200.0,68500.0,68600.0,67800.0,6431.0,647.0,647.0,643.0,643.0,643.0,643.0,635.0
648,2021.09.14,68100.0,400.0,68400.0,68900.0,67900.0,10841.0,648.0,648.0,644.0,644.0,644.0,644.0,636.0
649,2021.09.13,67700.0,2200.0,67500.0,69000.0,67100.0,20360.0,649.0,649.0,645.0,645.0,645.0,645.0,637.0
650,2021.09.10,65500.0,300.0,65300.0,65900.0,64800.0,3365.0,650.0,650.0,646.0,646.0,646.0,646.0,638.0
651,2021.09.09,65200.0,1000.0,66100.0,66300.0,65200.0,4636.0,651.0,651.0,647.0,647.0,647.0,647.0,639.0
652,2021.09.08,66200.0,1200.0,67100.0,67100.0,65800.0,5226.0,652.0,652.0,648.0,648.0,648.0,648.0,640.0
653,2021.09.07,67400.0,100.0,67700.0,67700.0,67000.0,2173.0,653.0,653.0,649.0,649.0,649.0,649.0,641.0
654,2021.09.06,67300.0,700.0,68400.0,68400.0,66900.0,5025.0,654.0,654.0,650.0,650.0,650.0,650.0,642.0
655,2021.09.03,68000.0,200.0,68000.0,68200.0,67500.0,5522.0,655.0,655.0,651.0,651.0,651.0,651.0,643.0
656,2021.09.02,68200.0,200.0,68500.0,68500.0,68000.0,3153.0,656.0,656.0,652.0,652.0,652.0,652.0,644.0
657,2021.09.01,68400.0,400.0,67900.0,68500.0,67500.0,3664.0,657.0,657.0,653.0,653.0,653.0,653.0,645.0
658,2021.08.31,68000.0,300.0,68400.0,68400.0,67100.0,4638.0,658.0,658.0,654.0,654.0,654.0,654.0,646.0
659,2021.08.30,68300.0,300.0,68100.0,69000.0,67600.0,4334.0,659.0,659.0,655.0,655.0,655.0,655.0,647.0
660,2021.08.27,68000.0,200.0,68300.0,68500.0,67800.0,2695.0,660.0,660.0,656.0,656.0,656.0,656.0,648.0
661,2021.08.26,68200.0,0.0,68200.0,68500.0,67200.0,5540.0,661.0,661.0,657.0,657.0,657.0,657.0,649.0
662,2021.08.25,68200.0,400.0,68700.0,68800.0,67300.0,3645.0,662.0,662.0,658.0,658.0,658.0,658.0,650.0
663,2021.08.24,68600.0,100.0,69000.0,69200.0,68000.0,5240.0,663.0,663.0,659.0,659.0,659.0,659.0,651.0
664,2021.08.23,68700.0,3000.0,65700.0,68900.0,65500.0,7125.0,664.0,664.0,660.0,660.0,660.0,660.0,652.0
665,2021.08.20,65700.0,3300.0,68400.0,68700.0,65400.0,18966.0,665.0,665.0,661.0,661.0,661.0,661.0,653.0
666,2021.08.19,69000.0,1600.0,69400.0,71000.0,67800.0,13302.0,666.0,666.0,662.0,662.0,662.0,662.0,654.0
667,2021.08.18,70600.0,900.0,71100.0,71100.0,68700.0,15130.0,667.0,667.0,663.0,663.0,663.0,663.0,655.0
668,2021.08.17,71500.0,1100.0,72600.0,72700.0,70600.0,3615.0,668.0,668.0,664.0,664.0,664.0,664.0,656.0
669,2021.08.13,72600.0,1400.0,73900.0,73900.0,71700.0,4258.0,669.0,669.0,665.0,665.0,665.0,665.0,657.0
670,2021.08.12,74000.0,600.0,73400.0,74500.0,73400.0,5653.0,670.0,670.0,666.0,666.0,666.0,666.0,658.0
671,2021.08.11,73400.0,200.0,73500.0,73800.0,73000.0,7246.0,671.0,671.0,667.0,667.0,667.0,667.0,659.0
672,2021.08.10,73600.0,1500.0,75100.0,75500.0,73300.0,15844.0,672.0,672.0,668.0,668.0,668.0,668.0,660.0
673,2021.08.09,75100.0,1100.0,76500.0,76500.0,75000.0,4611.0,673.0,673.0,669.0,669.0,669.0,669.0,661.0
674,2021.08.06,76200.0,200.0,76300.0,76300.0,75600.0,4365.0,674.0,674.0,670.0,670.0,670.0,670.0,662.0
675,2021.08.05,76400.0,400.0,76800.0,76800.0,75800.0,3140.0,675.0,675.0,671.0,671.0,671.0,671.0,663.0
676,2021.08.04,76800.0,300.0,75900.0,76900.0,75600.0,3818.0,676.0,676.0,672.0,672.0,672.0,672.0,664.0
677,2021.08.03,76500.0,500.0,77100.0,77100.0,75400.0,11240.0,677.0,677.0,673.0,673.0,673.0,673.0,665.0
678,2021.08.02,77000.0,1000.0,78000.0,78300.0,76000.0,6360.0,678.0,678.0,674.0,674.0,674.0,674.0,666.0
679,2021.07.30,78000.0,1600.0,77400.0,79200.0,76400.0,21325.0,679.0,679.0,675.0,675.0,675.0,675.0,667.0
680,2021.07.29,76400.0,300.0,76700.0,77400.0,76000.0,7097.0,680.0,680.0,676.0,676.0,676.0,676.0,668.0
681,2021.07.28,76100.0,600.0,75000.0,76200.0,75000.0,8753.0,681.0,681.0,677.0,677.0,677.0,677.0,669.0
682,2021.07.27,75500.0,200.0,75000.0,75800.0,74900.0,4030.0,682.0,682.0,678.0,678.0,678.0,678.0,670.0
683,2021.07.26,75300.0,0.0,75300.0,75600.0,73700.0,7591.0,683.0,683.0,679.0,679.0,679.0,679.0,671.0
684,2021.07.23,75300.0,100.0,75400.0,76000.0,75000.0,3979.0,684.0,684.0,680.0,680.0,680.0,680.0,672.0
685,2021.07.22,75400.0,100.0,75300.0,75900.0,75000.0,5425.0,685.0,685.0,681.0,681.0,681.0,681.0,673.0
686,2021.07.21,75300.0,1000.0,75100.0,75800.0,74900.0,6385.0,686.0,686.0,682.0,682.0,682.0,682.0,674.0
687,2021.07.20,74300.0,1100.0,75200.0,75500.0,74000.0,8860.0,687.0,687.0,683.0,683.0,683.0,683.0,675.0
688,2021.07.19,75400.0,200.0,75900.0,75900.0,74600.0,3097.0,688.0,688.0,684.0,684.0,684.0,684.0,676.0
689,2021.07.16,75600.0,200.0,75800.0,75800.0,74700.0,2771.0,689.0,689.0,685.0,685.0,685.0,685.0,677.0
690,2021.07.15,75800.0,100.0,76000.0,76200.0,75300.0,2839.0,690.0,690.0,686.0,686.0,686.0,686.0,678.0
691,2021.07.14,75900.0,900.0,75000.0,76700.0,74700.0,2764.0,691.0,691.0,687.0,687.0,687.0,687.0,679.0
692,2021.07.13,75000.0,1300.0,74400.0,75300.0,74000.0,7387.0,692.0,692.0,688.0,688.0,688.0,688.0,680.0
693,2021.07.12,73700.0,800.0,72900.0,74000.0,72200.0,5183.0,693.0,693.0,689.0,689.0,689.0,689.0,681.0
694,2021.07.09,72900.0,1900.0,74500.0,74500.0,71600.0,11529.0,694.0,694.0,690.0,690.0,690.0,690.0,682.0
695,2021.07.08,74800.0,1600.0,76400.0,76400.0,73800.0,5090.0,695.0,695.0,691.0,691.0,691.0,691.0,683.0
696,2021.07.07,76400.0,1000.0,77600.0,77600.0,76000.0,8450.0,696.0,696.0,692.0,692.0,692.0,692.0,684.0
697,2021.07.06,77400.0,300.0,77200.0,77600.0,76700.0,4715.0,697.0,697.0,693.0,693.0,693.0,693.0,685.0
698,2021.07.05,77100.0,400.0,77500.0,77900.0,76600.0,4523.0,698.0,698.0,694.0,694.0,694.0,694.0,686.0
699,2021.07.02,77500.0,100.0,77600.0,77800.0,77200.0,7889.0,699.0,699.0,695.0,695.0,695.0,695.0,687.0
700,2021.07.01,77600.0,800.0,78400.0,78400.0,77500.0,1401.0,700.0,700.0,696.0,696.0,696.0,696.0,688.0
701,2021.06.30,78400.0,100.0,78500.0,78900.0,77700.0,2499.0,701.0,701.0,697.0,697.0,697.0,697.0,689.0
702,2021.06.29,78500.0,900.0,78100.0,79900.0,77500.0,5751.0,702.0,702.0,698.0,698.0,698.0,698.0,690.0
703,2021.06.28,77600.0,500.0,77100.0,78100.0,77000.0,3710.0,703.0,703.0,699.0,699.0,699.0,699.0,691.0
704,2021.06.25,77100.0,500.0,77800.0,77800.0,76600.0,2662.0,704.0,704.0,700.0,700.0,700.0,700.0,692.0
705,2021.06.24,76600.0,0.0,76300.0,77200.0,76300.0,3347.0,705.0,705.0,701.0,701.0,701.0,701.0,693.0
706,2021.06.23,76600.0,600.0,77200.0,77300.0,76400.0,8669.0,706.0,706.0,702.0,702.0,702.0,702.0,694.0
707,2021.06.22,77200.0,400.0,77000.0,78200.0,76200.0,5392.0,707.0,707.0,703.0,703.0,703.0,703.0,695.0
708,2021.06.21,76800.0,2000.0,78800.0,78800.0,76300.0,10029.0,708.0,708.0,704.0,704.0,704.0,704.0,696.0
709,2021.06.18,78800.0,100.0,78400.0,79600.0,78400.0,6924.0,709.0,709.0,705.0,705.0,705.0,705.0,697.0
710,2021.06.17,78900.0,200.0,79500.0,81000.0,78100.0,4847.0,710.0,710.0,706.0,706.0,706.0,706.0,698.0
711,2021.06.16,79100.0,500.0,79900.0,79900.0,78800.0,3531.0,711.0,711.0,707.0,707.0,707.0,707.0,699.0
712,2021.06.15,79600.0,600.0,79100.0,79700.0,78400.0,5909.0,712.0,712.0,708.0,708.0,708.0,708.0,700.0
713,2021.06.14,79000.0,700.0,78300.0,80000.0,77600.0,4910.0,713.0,713.0,709.0,709.0,709.0,709.0,701.0
714,2021.06.11,78300.0,500.0,78000.0,79400.0,77700.0,5329.0,714.0,714.0,710.0,710.0,710.0,710.0,702.0
715,2021.06.10,77800.0,100.0,77300.0,78500.0,76800.0,6474.0,715.0,715.0,711.0,711.0,711.0,711.0,703.0
716,2021.06.09,77700.0,700.0,78400.0,78900.0,77400.0,13285.0,716.0,716.0,712.0,712.0,712.0,712.0,704.0
717,2021.06.08,78400.0,700.0,79100.0,79200.0,77800.0,3242.0,717.0,717.0,713.0,713.0,713.0,713.0,705.0
718,2021.06.07,79100.0,400.0,78700.0,79500.0,77800.0,3486.0,718.0,718.0,714.0,714.0,714.0,714.0,706.0
719,2021.06.04,78700.0,1600.0,80200.0,80200.0,78500.0,4721.0,719.0,719.0,715.0,715.0,715.0,715.0,707.0
720,2021.06.03,80300.0,0.0,80400.0,80500.0,79500.0,4470.0,720.0,720.0,716.0,716.0,716.0,716.0,708.0
721,2021.06.02,80300.0,700.0,80000.0,80800.0,79700.0,6150.0,721.0,721.0,717.0,717.0,717.0,717.0,709.0
722,2021.06.01,79600.0,900.0,78700.0,80500.0,78200.0,5408.0,722.0,722.0,718.0,718.0,718.0,718.0,710.0
723,2021.05.31,78700.0,0.0,79000.0,79300.0,78200.0,5642.0,723.0,723.0,719.0,719.0,719.0,719.0,711.0
724,2021.05.28,78700.0,0.0,78700.0,79500.0,78000.0,5549.0,724.0,724.0,720.0,720.0,720.0,720.0,712.0
725,2021.05.27,78700.0,2300.0,76400.0,79100.0,76000.0,10291.0,725.0,725.0,721.0,721.0,721.0,721.0,713.0
726,2021.05.26,76400.0,0.0,76400.0,77000.0,75700.0,4156.0,726.0,726.0,722.0,722.0,722.0,722.0,714.0
727,2021.05.25,76400.0,400.0,75700.0,77100.0,74600.0,8876.0,727.0,727.0,723.0,723.0,723.0,723.0,715.0
728,2021.05.24,76000.0,700.0,76600.0,76600.0,75000.0,10206.0,728.0,728.0,724.0,724.0,724.0,724.0,716.0
729,2021.05.21,76700.0,1600.0,78300.0,78900.0,75200.0,14957.0,729.0,729.0,725.0,725.0,725.0,725.0,717.0
730,2021.05.20,78300.0,1800.0,80000.0,80000.0,76500.0,19905.0,730.0,730.0,726.0,726.0,726.0,726.0,718.0
731,2021.05.18,80100.0,7100.0,84700.0,85300.0,79400.0,40217.0,731.0,731.0,727.0,727.0,727.0,727.0,719.0
732,2021.05.17,87200.0,200.0,88000.0,88500.0,87000.0,9384.0,732.0,732.0,728.0,728.0,728.0,728.0,720.0
733,2021.05.14,87000.0,200.0,86600.0,87300.0,85700.0,3209.0,733.0,733.0,729.0,729.0,729.0,729.0,721.0
734,2021.05.13,86800.0,1500.0,83200.0,86900.0,83000.0,8289.0,734.0,734.0,730.0,730.0,730.0,730.0,722.0
735,2021.05.12,85300.0,2900.0,88200.0,88200.0,84700.0,13751.0,735.0,735.0,731.0,731.0,731.0,731.0,723.0
736,2021.05.11,88200.0,700.0,88500.0,88900.0,87100.0,8398.0,736.0,736.0,732.0,732.0,732.0,732.0,724.0
737,2021.05.10,88900.0,3900.0,86200.0,88900.0,85200.0,14163.0,737.0,737.0,733.0,733.0,733.0,733.0,725.0
738,2021.05.07,85000.0,1000.0,84000.0,85500.0,84000.0,4759.0,738.0,738.0,734.0,734.0,734.0,734.0,726.0
739,2021.05.06,84000.0,200.0,84200.0,84300.0,83300.0,4996.0,739.0,739.0,735.0,735.0,735.0,735.0,727.0
740,2021.05.04,84200.0,100.0,85200.0,85200.0,82200.0,6136.0,740.0,740.0,736.0,736.0,736.0,736.0,728.0
741,2021.05.03,84300.0,1600.0,82900.0,85100.0,81000.0,14519.0,741.0,741.0,737.0,737.0,737.0,737.0,729.0
742,2021.04.30,82700.0,300.0,83000.0,83900.0,82100.0,5383.0,742.0,742.0,738.0,738.0,738.0,738.0,730.0
743,2021.04.29,83000.0,1300.0,82500.0,83000.0,80500.0,7890.0,743.0,743.0,739.0,739.0,739.0,739.0,731.0
744,2021.04.28,81700.0,2300.0,83900.0,83900.0,80700.0,17492.0,744.0,744.0,740.0,740.0,740.0,740.0,732.0
745,2021.04.27,84000.0,300.0,84300.0,84800.0,82700.0,10663.0,745.0,745.0,741.0,741.0,741.0,741.0,733.0
746,2021.04.26,84300.0,1600.0,83000.0,84300.0,82900.0,12024.0,746.0,746.0,742.0,742.0,742.0,742.0,734.0
747,2021.04.23,82700.0,700.0,82600.0,83500.0,81800.0,7045.0,747.0,747.0,743.0,743.0,743.0,743.0,735.0
748,2021.04.22,82000.0,0.0,81500.0,83400.0,81500.0,6582.0,748.0,748.0,744.0,744.0,744.0,744.0,736.0
749,2021.04.21,82000.0,1000.0,83000.0,83800.0,80500.0,13047.0,749.0,749.0,745.0,745.0,745.0,745.0,737.0
750,2021.04.20,83000.0,0.0,82900.0,84000.0,82000.0,7503.0,750.0,750.0,746.0,746.0,746.0,746.0,738.0
751,2021.04.19,83000.0,3000.0,81000.0,84200.0,79900.0,20231.0,751.0,751.0,747.0,747.0,747.0,747.0,739.0
752,2021.04.16,80000.0,3100.0,77900.0,80000.0,77100.0,14413.0,752.0,752.0,748.0,748.0,748.0,748.0,740.0
753,2021.04.15,76900.0,100.0,77000.0,77000.0,75600.0,5166.0,753.0,753.0,749.0,749.0,749.0,749.0,741.0
754,2021.04.14,77000.0,400.0,77400.0,77800.0,75200.0,12639.0,754.0,754.0,750.0,750.0,750.0,750.0,742.0
755,2021.04.13,77400.0,1000.0,77700.0,78000.0,76200.0,7311.0,755.0,755.0,751.0,751.0,751.0,751.0,743.0
756,2021.04.12,76400.0,300.0,78000.0,78000.0,76000.0,5429.0,756.0,756.0,752.0,752.0,752.0,752.0,744.0
757,2021.04.09,76700.0,200.0,76500.0,77700.0,74900.0,8003.0,757.0,757.0,753.0,753.0,753.0,753.0,745.0
758,2021.04.08,76500.0,800.0,75700.0,76500.0,74000.0,7428.0,758.0,758.0,754.0,754.0,754.0,754.0,746.0
759,2021.04.07,75700.0,100.0,77000.0,77000.0,74700.0,5697.0,759.0,759.0,755.0,755.0,755.0,755.0,747.0
760,2021.04.06,75800.0,200.0,75600.0,77500.0,75000.0,7369.0,760.0,760.0,756.0,756.0,756.0,756.0,748.0
761,2021.04.05,75600.0,3100.0,72500.0,78600.0,72500.0,34972.0,761.0,761.0,757.0,757.0,757.0,757.0,749.0
762,2021.04.02,72500.0,2600.0,69900.0,72700.0,69800.0,21589.0,762.0,762.0,758.0,758.0,758.0,758.0,750.0
763,2021.04.01,69900.0,100.0,70000.0,70800.0,69200.0,9034.0,763.0,763.0,759.0,759.0,759.0,759.0,751.0
764,2021.03.31,70000.0,2600.0,67300.0,70900.0,66800.0,23598.0,764.0,764.0,760.0,760.0,760.0,760.0,752.0
765,2021.03.30,67400.0,100.0,67500.0,67600.0,66900.0,5408.0,765.0,765.0,761.0,761.0,761.0,761.0,753.0
766,2021.03.29,67500.0,1000.0,66500.0,67900.0,65700.0,19336.0,766.0,766.0,762.0,762.0,762.0,762.0,754.0
767,2021.03.26,66500.0,800.0,67000.0,67500.0,65400.0,23031.0,767.0,767.0,763.0,763.0,763.0,763.0,755.0
768,2021.03.25,67300.0,200.0,66800.0,67500.0,66000.0,9070.0,768.0,768.0,764.0,764.0,764.0,764.0,756.0
769,2021.03.24,67500.0,100.0,66600.0,67500.0,66500.0,2891.0,769.0,769.0,765.0,765.0,765.0,765.0,757.0
770,2021.03.23,67400.0,300.0,67600.0,67900.0,66700.0,5923.0,770.0,770.0,766.0,766.0,766.0,766.0,758.0
771,2021.03.22,67700.0,0.0,68300.0,68300.0,67200.0,6002.0,771.0,771.0,767.0,767.0,767.0,767.0,759.0
772,2021.03.19,67700.0,100.0,67000.0,67900.0,66700.0,3820.0,772.0,772.0,768.0,768.0,768.0,768.0,760.0
773,2021.03.18,67800.0,800.0,67200.0,68500.0,67100.0,8497.0,773.0,773.0,769.0,769.0,769.0,769.0,761.0
774,2021.03.17,67000.0,600.0,67600.0,68000.0,66200.0,5231.0,774.0,774.0,770.0,770.0,770.0,770.0,762.0
775,2021.03.16,67600.0,600.0,67400.0,67700.0,66600.0,7497.0,775.0,775.0,771.0,771.0,771.0,771.0,763.0
776,2021.03.15,67000.0,1200.0,66100.0,67600.0,65800.0,9103.0,776.0,776.0,772.0,772.0,772.0,772.0,764.0
777,2021.03.12,65800.0,200.0,65500.0,66800.0,65300.0,5045.0,777.0,777.0,773.0,773.0,773.0,773.0,765.0
778,2021.03.11,65600.0,600.0,65700.0,66100.0,64300.0,4133.0,778.0,778.0,774.0,774.0,774.0,774.0,766.0
779,2021.03.10,65000.0,1900.0,67000.0,67900.0,64300.0,10905.0,779.0,779.0,775.0,775.0,775.0,775.0,767.0
780,2021.03.09,66900.0,1500.0,65400.0,67700.0,64300.0,16958.0,780.0,780.0,776.0,776.0,776.0,776.0,768.0
781,2021.03.08,65400.0,900.0,66400.0,67000.0,64600.0,5770.0,781.0,781.0,777.0,777.0,777.0,777.0,769.0
782,2021.03.05,66300.0,100.0,66200.0,67200.0,64500.0,10745.0,782.0,782.0,778.0,778.0,778.0,778.0,770.0
783,2021.03.04,66200.0,4100.0,62700.0,67000.0,62600.0,44724.0,783.0,783.0,779.0,779.0,779.0,779.0,771.0
784,2021.03.03,62100.0,0.0,62800.0,62800.0,61500.0,7507.0,784.0,784.0,780.0,780.0,780.0,780.0,772.0
785,2021.03.02,62100.0,800.0,63100.0,64000.0,62100.0,6160.0,785.0,785.0,781.0,781.0,781.0,781.0,773.0
786,2021.02.26,62900.0,900.0,63000.0,63100.0,61600.0,11706.0,786.0,786.0,782.0,782.0,782.0,782.0,774.0
787,2021.02.25,63800.0,1000.0,62800.0,64100.0,62800.0,6512.0,787.0,787.0,783.0,783.0,783.0,783.0,775.0
788,2021.02.24,62800.0,900.0,64100.0,64100.0,62800.0,29949.0,788.0,788.0,784.0,784.0,784.0,784.0,776.0
789,2021.02.23,63700.0,100.0,63000.0,64100.0,62500.0,8979.0,789.0,789.0,785.0,785.0,785.0,785.0,777.0
790,2021.02.22,63600.0,700.0,64200.0,64300.0,63400.0,5368.0,790.0,790.0,786.0,786.0,786.0,786.0,778.0
791,2021.02.19,64300.0,100.0,64300.0,64300.0,62700.0,5628.0,791.0,791.0,787.0,787.0,787.0,787.0,779.0
792,2021.02.18,64200.0,200.0,64800.0,64800.0,63600.0,5148.0,792.0,792.0,788.0,788.0,788.0,788.0,780.0
793,2021.02.17,64000.0,300.0,63800.0,64500.0,63700.0,4245.0,793.0,793.0,789.0,789.0,789.0,789.0,781.0
794,2021.02.16,63700.0,400.0,63700.0,64000.0,63200.0,7670.0,794.0,794.0,790.0,790.0,790.0,790.0,782.0
795,2021.02.15,63300.0,700.0,62700.0,63600.0,62400.0,9729.0,795.0,795.0,791.0,791.0,791.0,791.0,783.0
796,2021.02.10,62600.0,500.0,63200.0,63200.0,62400.0,4590.0,796.0,796.0,792.0,792.0,792.0,792.0,784.0
797,2021.02.09,63100.0,0.0,63100.0,63500.0,62600.0,3609.0,797.0,797.0,793.0,793.0,793.0,793.0,785.0
798,2021.02.08,63100.0,100.0,63300.0,63300.0,62200.0,3903.0,798.0,798.0,794.0,794.0,794.0,794.0,786.0
799,2021.02.05,63000.0,500.0,63500.0,64300.0,62700.0,4307.0,799.0,799.0,795.0,795.0,795.0,795.0,787.0
800,2021.02.04,63500.0,200.0,63300.0,63900.0,62800.0,4240.0,800.0,800.0,796.0,796.0,796.0,796.0,788.0
801,2021.02.03,63300.0,200.0,63200.0,63700.0,62900.0,5692.0,801.0,801.0,797.0,797.0,797.0,797.0,789.0
802,2021.02.02,63100.0,1300.0,62600.0,63600.0,62000.0,6377.0,802.0,802.0,798.0,798.0,798.0,798.0,790.0
803,2021.02.01,61800.0,300.0,61500.0,62600.0,61000.0,6516.0,803.0,803.0,799.0,799.0,799.0,799.0,791.0
804,2021.01.29,61500.0,1600.0,63200.0,63900.0,60700.0,13794.0,804.0,804.0,800.0,800.0,800.0,800.0,792.0
805,2021.01.28,63100.0,1400.0,63100.0,64000.0,62800.0,8465.0,805.0,805.0,801.0,801.0,801.0,801.0,793.0
806,2021.01.27,64500.0,700.0,65300.0,65400.0,63400.0,6503.0,806.0,806.0,802.0,802.0,802.0,802.0,794.0
807,2021.01.26,65200.0,1000.0,65700.0,66100.0,64100.0,8334.0,807.0,807.0,803.0,803.0,803.0,803.0,795.0
808,2021.01.25,66200.0,100.0,66100.0,66300.0,64200.0,7742.0,808.0,808.0,804.0,804.0,804.0,804.0,796.0
809,2021.01.22,66100.0,700.0,66800.0,67400.0,62900.0,7273.0,809.0,809.0,805.0,805.0,805.0,805.0,797.0
810,2021.01.21,66800.0,1400.0,66000.0,66900.0,65500.0,8060.0,810.0,810.0,806.0,806.0,806.0,806.0,798.0
811,2021.01.20,65400.0,200.0,66900.0,66900.0,64900.0,10562.0,811.0,811.0,807.0,807.0,807.0,807.0,799.0
812,2021.01.19,65200.0,1100.0,64000.0,65300.0,63500.0,4337.0,812.0,812.0,808.0,808.0,808.0,808.0,800.0
813,2021.01.18,64100.0,0.0,64100.0,64800.0,62900.0,7446.0,813.0,813.0,809.0,809.0,809.0,809.0,801.0
814,2021.01.15,64100.0,2000.0,66400.0,66700.0,64100.0,9160.0,814.0,814.0,810.0,810.0,810.0,810.0,802.0
815,2021.01.14,66100.0,900.0,66900.0,66900.0,65900.0,5700.0,815.0,815.0,811.0,811.0,811.0,811.0,803.0
816,2021.01.13,67000.0,700.0,66600.0,67600.0,65700.0,24305.0,816.0,816.0,812.0,812.0,812.0,812.0,804.0
817,2021.01.12,66300.0,2900.0,63400.0,66800.0,63100.0,35715.0,817.0,817.0,813.0,813.0,813.0,813.0,805.0
818,2021.01.11,63400.0,500.0,64400.0,65000.0,62200.0,31996.0,818.0,818.0,814.0,814.0,814.0,814.0,806.0
819,2021.01.08,63900.0,1200.0,63200.0,64500.0,63000.0,29285.0,819.0,819.0,815.0,815.0,815.0,815.0,807.0
820,2021.01.07,62700.0,700.0,62000.0,63000.0,62000.0,9623.0,820.0,820.0,816.0,816.0,816.0,816.0,808.0
821,2021.01.06,62000.0,700.0,62700.0,63200.0,61800.0,16832.0,821.0,821.0,817.0,817.0,817.0,817.0,809.0
822,2021.01.05,62700.0,500.0,62600.0,63300.0,62100.0,13492.0,822.0,822.0,818.0,818.0,818.0,818.0,810.0
823,2021.01.04,63200.0,500.0,62700.0,64000.0,62700.0,17924.0,823.0,823.0,819.0,819.0,819.0,819.0,811.0
824,2020.12.30,62700.0,100.0,62700.0,63000.0,62100.0,5609.0,824.0,824.0,820.0,820.0,820.0,820.0,812.0
825,2020.12.29,62600.0,300.0,62800.0,62900.0,62000.0,6022.0,825.0,825.0,821.0,821.0,821.0,821.0,813.0
826,2020.12.28,62900.0,200.0,62700.0,63000.0,62400.0,5112.0,826.0,826.0,822.0,822.0,822.0,822.0,814.0
827,2020.12.24,62700.0,400.0,62900.0,62900.0,62000.0,4661.0,827.0,827.0,823.0,823.0,823.0,823.0,815.0
828,2020.12.23,62300.0,200.0,62400.0,62800.0,62100.0,6763.0,828.0,828.0,824.0,824.0,824.0,824.0,816.0
829,2020.12.22,62500.0,800.0,63900.0,63900.0,62400.0,7935.0,829.0,829.0,825.0,825.0,825.0,825.0,817.0
830,2020.12.21,63300.0,1000.0,62500.0,63400.0,61800.0,11396.0,830.0,830.0,826.0,826.0,826.0,826.0,818.0
831,2020.12.18,62300.0,300.0,62800.0,62900.0,61900.0,5922.0,831.0,831.0,827.0,827.0,827.0,827.0,819.0
832,2020.12.17,62000.0,100.0,62900.0,62900.0,61600.0,6717.0,832.0,832.0,828.0,828.0,828.0,828.0,820.0
833,2020.12.16,61900.0,100.0,61800.0,62500.0,61600.0,2805.0,833.0,833.0,829.0,829.0,829.0,829.0,821.0
834,2020.12.15,61800.0,500.0,62300.0,62600.0,61700.0,3304.0,834.0,834.0,830.0,830.0,830.0,830.0,822.0
835,2020.12.14,62300.0,100.0,62400.0,62400.0,61600.0,4352.0,835.0,835.0,831.0,831.0,831.0,831.0,823.0
836,2020.12.11,62400.0,800.0,61500.0,62500.0,61500.0,6486.0,836.0,836.0,832.0,832.0,832.0,832.0,824.0
837,2020.12.10,61600.0,100.0,61500.0,62100.0,61200.0,3052.0,837.0,837.0,833.0,833.0,833.0,833.0,825.0
838,2020.12.09,61500.0,400.0,61200.0,62000.0,61100.0,3972.0,838.0,838.0,834.0,834.0,834.0,834.0,826.0
839,2020.12.08,61100.0,300.0,61700.0,61700.0,61000.0,7816.0,839.0,839.0,835.0,835.0,835.0,835.0,827.0
840,2020.12.07,61400.0,900.0,62300.0,62700.0,61100.0,10017.0,840.0,840.0,836.0,836.0,836.0,836.0,828.0
841,2020.12.04,62300.0,600.0,63100.0,63400.0,62100.0,6176.0,841.0,841.0,837.0,837.0,837.0,837.0,829.0
842,2020.12.03,62900.0,600.0,63800.0,63800.0,62500.0,4968.0,842.0,842.0,838.0,838.0,838.0,838.0,830.0
843,2020.12.02,63500.0,200.0,63400.0,63500.0,62500.0,8329.0,843.0,843.0,839.0,839.0,839.0,839.0,831.0
844,2020.12.01,63300.0,0.0,62900.0,63400.0,62700.0,3612.0,844.0,844.0,840.0,840.0,840.0,840.0,832.0
845,2020.11.30,63300.0,200.0,62500.0,64300.0,62500.0,5808.0,845.0,845.0,841.0,841.0,841.0,841.0,833.0
846,2020.11.27,63500.0,700.0,62700.0,63700.0,62500.0,3141.0,846.0,846.0,842.0,842.0,842.0,842.0,834.0
847,2020.11.26,62800.0,300.0,63100.0,63100.0,62000.0,6759.0,847.0,847.0,843.0,843.0,843.0,843.0,835.0
848,2020.11.25,63100.0,900.0,64000.0,64700.0,62200.0,22204.0,848.0,848.0,844.0,844.0,844.0,844.0,836.0
849,2020.11.24,64000.0,300.0,63700.0,64500.0,63300.0,6088.0,849.0,849.0,845.0,845.0,845.0,845.0,837.0
850,2020.11.23,63700.0,300.0,64000.0,64000.0,63400.0,6542.0,850.0,850.0,846.0,846.0,846.0,846.0,838.0
851,2020.11.20,63400.0,100.0,63500.0,63700.0,63100.0,4127.0,851.0,851.0,847.0,847.0,847.0,847.0,839.0
852,2020.11.19,63300.0,700.0,64000.0,64000.0,62700.0,4384.0,852.0,852.0,848.0,848.0,848.0,848.0,840.0
853,2020.11.18,64000.0,500.0,64200.0,65000.0,63300.0,3308.0,853.0,853.0,849.0,849.0,849.0,849.0,841.0
854,2020.11.17,63500.0,2100.0,65600.0,65600.0,63500.0,13649.0,854.0,854.0,850.0,850.0,850.0,850.0,842.0
855,2020.11.16,65600.0,1300.0,65600.0,66300.0,65100.0,4638.0,855.0,855.0,851.0,851.0,851.0,851.0,843.0
856,2020.11.13,64300.0,900.0,65200.0,65200.0,64300.0,6504.0,856.0,856.0,852.0,852.0,852.0,852.0,844.0
857,2020.11.12,65200.0,100.0,64900.0,65200.0,63100.0,4510.0,857.0,857.0,853.0,853.0,853.0,853.0,845.0
858,2020.11.11,65100.0,200.0,66000.0,66000.0,64200.0,8278.0,858.0,858.0,854.0,854.0,854.0,854.0,846.0
859,2020.11.10,64900.0,1700.0,63200.0,65000.0,62600.0,12576.0,859.0,859.0,855.0,855.0,855.0,855.0,847.0
860,2020.11.09,63200.0,600.0,62600.0,63200.0,61600.0,6106.0,860.0,860.0,856.0,856.0,856.0,856.0,848.0
861,2020.11.06,62600.0,800.0,63200.0,63300.0,62200.0,5943.0,861.0,861.0,857.0,857.0,857.0,857.0,849.0
862,2020.11.05,63400.0,100.0,62700.0,63700.0,62700.0,3087.0,862.0,862.0,858.0,858.0,858.0,858.0,850.0
863,2020.11.04,63300.0,800.0,62500.0,63500.0,62100.0,3061.0,863.0,863.0,859.0,859.0,859.0,859.0,851.0
864,2020.11.03,62500.0,100.0,62500.0,63300.0,62100.0,2574.0,864.0,864.0,860.0,860.0,860.0,860.0,852.0
865,2020.11.02,62400.0,800.0,61600.0,62800.0,61600.0,2666.0,865.0,865.0,861.0,861.0,861.0,861.0,853.0
866,2020.10.30,61600.0,400.0,62100.0,62700.0,61500.0,2962.0,866.0,866.0,862.0,862.0,862.0,862.0,854.0
867,2020.10.29,62000.0,900.0,62100.0,62700.0,61400.0,6512.0,867.0,867.0,863.0,863.0,863.0,863.0,855.0
868,2020.10.28,62900.0,500.0,63400.0,63400.0,62200.0,2757.0,868.0,868.0,864.0,864.0,864.0,864.0,856.0
869,2020.10.27,63400.0,800.0,62900.0,64000.0,61600.0,6786.0,869.0,869.0,865.0,865.0,865.0,865.0,857.0
870,2020.10.26,62600.0,800.0,62100.0,63400.0,61600.0,7323.0,870.0,870.0,866.0,866.0,866.0,866.0,858.0
871,2020.10.23,61800.0,500.0,62100.0,62300.0,61300.0,4651.0,871.0,871.0,867.0,867.0,867.0,867.0,859.0
872,2020.10.22,62300.0,200.0,62500.0,62500.0,61600.0,3585.0,872.0,872.0,868.0,868.0,868.0,868.0,860.0
873,2020.10.21,62500.0,500.0,63000.0,63800.0,62200.0,2407.0,873.0,873.0,869.0,869.0,869.0,869.0,861.0
874,2020.10.20,63000.0,800.0,62300.0,63500.0,62000.0,4259.0,874.0,874.0,870.0,870.0,870.0,870.0,862.0
875,2020.10.19,62200.0,800.0,62900.0,63500.0,61800.0,2872.0,875.0,875.0,871.0,871.0,871.0,871.0,863.0
876,2020.10.16,63000.0,0.0,63100.0,63300.0,62100.0,4887.0,876.0,876.0,872.0,872.0,872.0,872.0,864.0
877,2020.10.15,63000.0,400.0,63400.0,63500.0,62100.0,4733.0,877.0,877.0,873.0,873.0,873.0,873.0,865.0
878,2020.10.14,63400.0,800.0,64400.0,64400.0,62900.0,4839.0,878.0,878.0,874.0,874.0,874.0,874.0,866.0
879,2020.10.13,64200.0,500.0,65500.0,65500.0,63300.0,7419.0,879.0,879.0,875.0,875.0,875.0,875.0,867.0
880,2020.10.12,64700.0,700.0,65800.0,66400.0,64100.0,11674.0,880.0,880.0,876.0,876.0,876.0,876.0,868.0
881,2020.10.08,64000.0,900.0,63100.0,65000.0,62700.0,8268.0,881.0,881.0,877.0,877.0,877.0,877.0,869.0
882,2020.10.07,63100.0,300.0,63100.0,63700.0,62400.0,2917.0,882.0,882.0,878.0,878.0,878.0,878.0,870.0
883,2020.10.06,62800.0,600.0,63400.0,63900.0,62700.0,5705.0,883.0,883.0,879.0,879.0,879.0,879.0,871.0
884,2020.10.05,63400.0,1500.0,63600.0,64300.0,62200.0,5638.0,884.0,884.0,880.0,880.0,880.0,880.0,872.0
885,2020.09.29,61900.0,900.0,61900.0,62200.0,61300.0,4246.0,885.0,885.0,881.0,881.0,881.0,881.0,873.0
886,2020.09.28,61000.0,600.0,62100.0,62100.0,60600.0,4341.0,886.0,886.0,882.0,882.0,882.0,882.0,874.0
887,2020.09.25,60400.0,200.0,60600.0,61200.0,59900.0,2128.0,887.0,887.0,883.0,883.0,883.0,883.0,875.0
888,2020.09.24,60600.0,600.0,61200.0,61200.0,59200.0,6666.0,888.0,888.0,884.0,884.0,884.0,884.0,876.0
889,2020.09.23,61200.0,200.0,61400.0,61900.0,60100.0,3747.0,889.0,889.0,885.0,885.0,885.0,885.0,877.0
890,2020.09.22,61400.0,1700.0,63200.0,63400.0,60500.0,5938.0,890.0,890.0,886.0,886.0,886.0,886.0,878.0
891,2020.09.21,63100.0,1000.0,62100.0,64700.0,61900.0,16812.0,891.0,891.0,887.0,887.0,887.0,887.0,879.0
892,2020.09.18,62100.0,1000.0,61100.0,62700.0,61000.0,7434.0,892.0,892.0,888.0,888.0,888.0,888.0,880.0
893,2020.09.17,61100.0,300.0,61800.0,63200.0,60400.0,17281.0,893.0,893.0,889.0,889.0,889.0,889.0,881.0
894,2020.09.16,61400.0,1100.0,60400.0,61700.0,59900.0,8933.0,894.0,894.0,890.0,890.0,890.0,890.0,882.0
895,2020.09.15,60300.0,900.0,59900.0,60300.0,59300.0,7042.0,895.0,895.0,891.0,891.0,891.0,891.0,883.0
896,2020.09.14,59400.0,1100.0,58400.0,59800.0,58400.0,5123.0,896.0,896.0,892.0,892.0,892.0,892.0,884.0
897,2020.09.11,58300.0,400.0,58700.0,58700.0,57900.0,4728.0,897.0,897.0,893.0,893.0,893.0,893.0,885.0
898,2020.09.10,58700.0,700.0,59400.0,59900.0,58400.0,15625.0,898.0,898.0,894.0,894.0,894.0,894.0,886.0
899,2020.09.09,59400.0,200.0,59500.0,60200.0,58700.0,6958.0,899.0,899.0,895.0,895.0,895.0,895.0,887.0
900,2020.09.08,59600.0,0.0,59600.0,60800.0,59100.0,4324.0,900.0,900.0,896.0,896.0,896.0,896.0,888.0
901,2020.09.07,59600.0,600.0,58800.0,59700.0,58600.0,5342.0,901.0,901.0,897.0,897.0,897.0,897.0,889.0
902,2020.09.04,59000.0,2000.0,58200.0,60100.0,58200.0,18700.0,902.0,902.0,898.0,898.0,898.0,898.0,890.0
903,2020.09.03,61000.0,0.0,61000.0,61700.0,60900.0,4732.0,903.0,903.0,899.0,899.0,899.0,899.0,891.0
904,2020.09.02,61000.0,700.0,61700.0,62000.0,61000.0,6169.0,904.0,904.0,900.0,900.0,900.0,900.0,892.0
905,2020.09.01,61700.0,100.0,62200.0,62300.0,61500.0,4633.0,905.0,905.0,901.0,901.0,901.0,901.0,893.0
906,2020.08.31,61800.0,600.0,61300.0,62600.0,61300.0,12567.0,906.0,906.0,902.0,902.0,902.0,902.0,894.0
907,2020.08.28,61200.0,0.0,61400.0,62900.0,61100.0,15907.0,907.0,907.0,903.0,903.0,903.0,903.0,895.0
908,2020.08.27,61200.0,0.0,62300.0,62300.0,60500.0,6447.0,908.0,908.0,904.0,904.0,904.0,904.0,896.0
909,2020.08.26,61200.0,800.0,61700.0,62000.0,60600.0,6455.0,909.0,909.0,905.0,905.0,905.0,905.0,897.0
910,2020.08.25,62000.0,200.0,61700.0,62200.0,61000.0,5598.0,910.0,910.0,906.0,906.0,906.0,906.0,898.0
911,2020.08.24,61800.0,100.0,61700.0,61900.0,60500.0,5661.0,911.0,911.0,907.0,907.0,907.0,907.0,899.0
912,2020.08.21,61900.0,200.0,61200.0,63000.0,61200.0,8169.0,912.0,912.0,908.0,908.0,908.0,908.0,900.0
913,2020.08.20,61700.0,1700.0,63000.0,63300.0,61300.0,22302.0,913.0,913.0,909.0,909.0,909.0,909.0,901.0
914,2020.08.19,63400.0,400.0,62900.0,65400.0,61100.0,11576.0,914.0,914.0,910.0,910.0,910.0,910.0,902.0
915,2020.08.18,63000.0,200.0,63100.0,69400.0,62300.0,51772.0,915.0,915.0,911.0,911.0,911.0,911.0,903.0
916,2020.08.14,62800.0,1200.0,62200.0,62900.0,60200.0,13364.0,916.0,916.0,912.0,912.0,912.0,912.0,904.0
917,2020.08.13,61600.0,600.0,61100.0,62100.0,61000.0,7609.0,917.0,917.0,913.0,913.0,913.0,913.0,905.0
918,2020.08.12,61000.0,0.0,61100.0,61800.0,60100.0,5914.0,918.0,918.0,914.0,914.0,914.0,914.0,906.0
919,2020.08.11,61000.0,0.0,61400.0,62100.0,60400.0,11873.0,919.0,919.0,915.0,915.0,915.0,915.0,907.0
920,2020.08.10,61000.0,1000.0,60200.0,61500.0,59700.0,11578.0,920.0,920.0,916.0,916.0,916.0,916.0,908.0
921,2020.08.07,60000.0,300.0,60500.0,60600.0,58500.0,8461.0,921.0,921.0,917.0,917.0,917.0,917.0,909.0
922,2020.08.06,59700.0,3000.0,56100.0,61700.0,56000.0,31098.0,922.0,922.0,918.0,918.0,918.0,918.0,910.0
923,2020.08.05,56700.0,100.0,56600.0,57600.0,56500.0,4494.0,923.0,923.0,919.0,919.0,919.0,919.0,911.0
924,2020.08.04,56600.0,400.0,57000.0,57800.0,56600.0,2680.0,924.0,924.0,920.0,920.0,920.0,920.0,912.0
925,2020.08.03,57000.0,600.0,56300.0,57200.0,56000.0,4875.0,925.0,925.0,921.0,921.0,921.0,921.0,913.0
926,2020.07.31,56400.0,1500.0,57900.0,58100.0,56100.0,4465.0,926.0,926.0,922.0,922.0,922.0,922.0,914.0
927,2020.07.30,57900.0,1300.0,56600.0,58100.0,56600.0,8803.0,927.0,927.0,923.0,923.0,923.0,923.0,915.0
928,2020.07.29,56600.0,300.0,56300.0,57600.0,55500.0,8054.0,928.0,928.0,924.0,924.0,924.0,924.0,916.0
929,2020.07.28,56300.0,200.0,56400.0,56700.0,55800.0,2476.0,929.0,929.0,925.0,925.0,925.0,925.0,917.0
930,2020.07.27,56500.0,300.0,56200.0,56900.0,56200.0,2121.0,930.0,930.0,926.0,926.0,926.0,926.0,918.0
931,2020.07.24,56200.0,1300.0,57700.0,58100.0,55400.0,3760.0,931.0,931.0,927.0,927.0,927.0,927.0,919.0
932,2020.07.23,57500.0,1000.0,57400.0,57800.0,55600.0,5441.0,932.0,932.0,928.0,928.0,928.0,928.0,920.0
933,2020.07.22,56500.0,1000.0,57500.0,57500.0,55800.0,4145.0,933.0,933.0,929.0,929.0,929.0,929.0,921.0
934,2020.07.21,57500.0,300.0,58900.0,58900.0,56600.0,10095.0,934.0,934.0,930.0,930.0,930.0,930.0,922.0
935,2020.07.20,57200.0,1600.0,56900.0,58900.0,56300.0,24941.0,935.0,935.0,931.0,931.0,931.0,931.0,923.0
936,2020.07.17,55600.0,1900.0,53700.0,55600.0,53600.0,3815.0,936.0,936.0,932.0,932.0,932.0,932.0,924.0
937,2020.07.16,53700.0,100.0,53600.0,53900.0,53500.0,1051.0,937.0,937.0,933.0,933.0,933.0,933.0,925.0
938,2020.07.15,53600.0,400.0,54500.0,54500.0,53200.0,1705.0,938.0,938.0,934.0,934.0,934.0,934.0,926.0
939,2020.07.14,53200.0,400.0,52200.0,53200.0,52200.0,4449.0,939.0,939.0,935.0,935.0,935.0,935.0,927.0
940,2020.07.13,52800.0,0.0,52800.0,53000.0,52000.0,4470.0,940.0,940.0,936.0,936.0,936.0,936.0,928.0
941,2020.07.10,52800.0,1000.0,54300.0,54300.0,52600.0,3332.0,941.0,941.0,937.0,937.0,937.0,937.0,929.0
942,2020.07.09,53800.0,300.0,53300.0,53900.0,52900.0,4081.0,942.0,942.0,938.0,938.0,938.0,938.0,930.0
943,2020.07.08,53500.0,200.0,53700.0,53700.0,53000.0,2075.0,943.0,943.0,939.0,939.0,939.0,939.0,931.0
944,2020.07.07,53700.0,200.0,54700.0,54700.0,53100.0,2386.0,944.0,944.0,940.0,940.0,940.0,940.0,932.0
945,2020.07.06,53900.0,500.0,54900.0,54900.0,53600.0,1689.0,945.0,945.0,941.0,941.0,941.0,941.0,933.0
946,2020.07.03,54400.0,200.0,54200.0,54900.0,53500.0,3616.0,946.0,946.0,942.0,942.0,942.0,942.0,934.0
947,2020.07.02,54200.0,700.0,54200.0,54600.0,53500.0,3512.0,947.0,947.0,943.0,943.0,943.0,943.0,935.0
948,2020.07.01,53500.0,100.0,52700.0,54300.0,52300.0,2947.0,948.0,948.0,944.0,944.0,944.0,944.0,936.0
949,2020.06.30,53400.0,700.0,52700.0,54500.0,52600.0,5854.0,949.0,949.0,945.0,945.0,945.0,945.0,937.0
950,2020.06.29,52700.0,500.0,53200.0,53200.0,52200.0,3980.0,950.0,950.0,946.0,946.0,946.0,946.0,938.0
951,2020.06.26,53200.0,1100.0,52100.0,53500.0,52100.0,3399.0,951.0,951.0,947.0,947.0,947.0,947.0,939.0
952,2020.06.25,52100.0,2000.0,53100.0,53900.0,51800.0,7273.0,952.0,952.0,948.0,948.0,948.0,948.0,940.0
953,2020.06.24,54100.0,200.0,54300.0,55600.0,54100.0,3223.0,953.0,953.0,949.0,949.0,949.0,949.0,941.0
954,2020.06.23,54300.0,600.0,54800.0,55900.0,53700.0,5164.0,954.0,954.0,950.0,950.0,950.0,950.0,942.0
955,2020.06.22,54900.0,1600.0,56100.0,56100.0,54500.0,8319.0,955.0,955.0,951.0,951.0,951.0,951.0,943.0
956,2020.06.19,56500.0,2100.0,54400.0,57800.0,52800.0,21460.0,956.0,956.0,952.0,952.0,952.0,952.0,944.0
957,2020.06.18,54400.0,1100.0,52500.0,54800.0,52500.0,6382.0,957.0,957.0,953.0,953.0,953.0,953.0,945.0
958,2020.06.17,53300.0,1000.0,52500.0,53700.0,51300.0,5544.0,958.0,958.0,954.0,954.0,954.0,954.0,946.0
959,2020.06.16,52300.0,1300.0,51700.0,53400.0,51700.0,4207.0,959.0,959.0,955.0,955.0,955.0,955.0,947.0
960,2020.06.15,51000.0,2300.0,53400.0,54100.0,50200.0,10577.0,960.0,960.0,956.0,956.0,956.0,956.0,948.0
961,2020.06.12,53300.0,1700.0,54300.0,54300.0,52700.0,4641.0,961.0,961.0,957.0,957.0,957.0,957.0,949.0
962,2020.06.11,55000.0,1700.0,55600.0,57200.0,55000.0,5424.0,962.0,962.0,958.0,958.0,958.0,958.0,950.0
963,2020.06.10,56700.0,200.0,57500.0,57500.0,56100.0,5669.0,963.0,963.0,959.0,959.0,959.0,959.0,951.0
964,2020.06.09,56900.0,100.0,56700.0,57000.0,55900.0,6052.0,964.0,964.0,960.0,960.0,960.0,960.0,952.0
965,2020.06.08,57000.0,300.0,56700.0,57200.0,56300.0,3664.0,965.0,965.0,961.0,961.0,961.0,961.0,953.0
966,2020.06.05,56700.0,900.0,56300.0,57200.0,54800.0,13219.0,966.0,966.0,962.0,962.0,962.0,962.0,954.0
967,2020.06.04,55800.0,100.0,55700.0,55900.0,54000.0,8111.0,967.0,967.0,963.0,963.0,963.0,963.0,955.0
968,2020.06.03,55700.0,1500.0,54100.0,55800.0,53600.0,13404.0,968.0,968.0,964.0,964.0,964.0,964.0,956.0
969,2020.06.02,54200.0,200.0,54200.0,54400.0,53000.0,2403.0,969.0,969.0,965.0,965.0,965.0,965.0,957.0
970,2020.06.01,54000.0,300.0,53500.0,54000.0,52900.0,2881.0,970.0,970.0,966.0,966.0,966.0,966.0,958.0
971,2020.05.29,53700.0,1200.0,51700.0,53700.0,51500.0,4238.0,971.0,971.0,967.0,967.0,967.0,967.0,959.0
972,2020.05.28,52500.0,1300.0,53800.0,54000.0,51700.0,6675.0,972.0,972.0,968.0,968.0,968.0,968.0,960.0
973,2020.05.27,53800.0,800.0,54500.0,54900.0,53500.0,2862.0,973.0,973.0,969.0,969.0,969.0,969.0,961.0
974,2020.05.26,54600.0,1200.0,53300.0,54800.0,53100.0,3718.0,974.0,974.0,970.0,970.0,970.0,970.0,962.0
975,2020.05.25,53400.0,300.0,53100.0,53500.0,52800.0,4250.0,975.0,975.0,971.0,971.0,971.0,971.0,963.0
976,2020.05.22,53100.0,600.0,52900.0,53900.0,52900.0,7080.0,976.0,976.0,972.0,972.0,972.0,972.0,964.0
977,2020.05.21,53700.0,900.0,53900.0,54400.0,53100.0,10775.0,977.0,977.0,973.0,973.0,973.0,973.0,965.0
978,2020.05.20,54600.0,600.0,54000.0,54600.0,52900.0,4882.0,978.0,978.0,974.0,974.0,974.0,974.0,966.0
979,2020.05.19,54000.0,1800.0,52800.0,54400.0,52300.0,6096.0,979.0,979.0,975.0,975.0,975.0,975.0,967.0
980,2020.05.18,52200.0,2300.0,53300.0,53900.0,51000.0,9338.0,980.0,980.0,976.0,976.0,976.0,976.0,968.0
981,2020.05.15,54500.0,600.0,52800.0,54600.0,52800.0,4769.0,981.0,981.0,977.0,977.0,977.0,977.0,969.0
982,2020.05.14,53900.0,300.0,53000.0,54200.0,51700.0,5559.0,982.0,982.0,978.0,978.0,978.0,978.0,970.0
983,2020.05.13,53600.0,0.0,52300.0,53800.0,52200.0,2607.0,983.0,983.0,979.0,979.0,979.0,979.0,971.0
984,2020.05.12,53600.0,300.0,53300.0,54600.0,51800.0,2842.0,984.0,984.0,980.0,980.0,980.0,980.0,972.0
985,2020.05.11,53300.0,0.0,52800.0,53300.0,52300.0,2489.0,985.0,985.0,981.0,981.0,981.0,981.0,973.0
986,2020.05.08,53300.0,300.0,53400.0,53800.0,52000.0,5738.0,986.0,986.0,982.0,982.0,982.0,982.0,974.0
987,2020.05.07,53000.0,500.0,52500.0,53000.0,51900.0,5864.0,987.0,987.0,983.0,983.0,983.0,983.0,975.0
988,2020.05.06,52500.0,300.0,53000.0,53800.0,51700.0,4350.0,988.0,988.0,984.0,984.0,984.0,984.0,976.0
989,2020.05.04,52200.0,1800.0,53900.0,54700.0,52200.0,10077.0,989.0,989.0,985.0,985.0,985.0,985.0,977.0
990,2020.04.29,54000.0,100.0,54500.0,55900.0,53000.0,5877.0,990.0,990.0,986.0,986.0,986.0,986.0,978.0
991,2020.04.28,53900.0,2800.0,51600.0,54000.0,50100.0,14701.0,991.0,991.0,987.0,987.0,987.0,987.0,979.0
992,2020.04.27,51100.0,800.0,50300.0,51200.0,49850.0,3222.0,992.0,992.0,988.0,988.0,988.0,988.0,980.0
993,2020.04.24,50300.0,1100.0,50900.0,51800.0,49500.0,3515.0,993.0,993.0,989.0,989.0,989.0,989.0,981.0
994,2020.04.23,51400.0,1200.0,50200.0,51600.0,49800.0,7907.0,994.0,994.0,990.0,990.0,990.0,990.0,982.0
995,2020.04.22,50200.0,700.0,50900.0,50900.0,49500.0,5788.0,995.0,995.0,991.0,991.0,991.0,991.0,983.0
996,2020.04.21,50900.0,300.0,50600.0,50900.0,48450.0,6000.0,996.0,996.0,992.0,992.0,992.0,992.0,984.0
997,2020.04.20,50600.0,200.0,50800.0,51400.0,50100.0,4474.0,997.0,997.0,993.0,993.0,993.0,993.0,985.0
998,2020.04.17,50800.0,900.0,50500.0,51400.0,50400.0,2995.0,998.0,998.0,994.0,994.0,994.0,994.0,986.0
999,2020.04.16,49900.0,100.0,49800.0,49950.0,48800.0,1591.0,999.0,999.0,995.0,995.0,995.0,995.0,987.0
1000,2020.04.14,49800.0,600.0,49050.0,50600.0,48600.0,7980.0,1000.0,1000.0,996.0,996.0,996.0,996.0,988.0
1001,2020.04.13,49200.0,1500.0,50500.0,50500.0,49000.0,8826.0,1001.0,1001.0,997.0,997.0,997.0,997.0,989.0
1002,2020.04.10,50700.0,500.0,50200.0,51700.0,49600.0,13272.0,1002.0,1002.0,998.0,998.0,998.0,998.0,990.0
1003,2020.04.09,50200.0,500.0,49700.0,50700.0,49700.0,4988.0,1003.0,1003.0,999.0,999.0,999.0,999.0,991.0
1004,2020.04.08,49700.0,400.0,49650.0,50400.0,48700.0,16365.0,1004.0,1004.0,1000.0,1000.0,1000.0,1000.0,992.0
1005,2020.04.07,49300.0,800.0,49000.0,50000.0,48550.0,5347.0,1005.0,1005.0,1001.0,1001.0,1001.0,1001.0,993.0
1006,2020.04.06,48500.0,300.0,49400.0,49400.0,47500.0,7721.0,1006.0,1006.0,1002.0,1002.0,1002.0,1002.0,994.0
1007,2020.04.03,48200.0,1800.0,46800.0,49700.0,45750.0,5047.0,1007.0,1007.0,1003.0,1003.0,1003.0,1003.0,995.0
1008,2020.04.02,46400.0,800.0,45050.0,46400.0,44500.0,3682.0,1008.0,1008.0,1004.0,1004.0,1004.0,1004.0,996.0
1009,2020.04.01,45600.0,600.0,45050.0,48950.0,44700.0,12188.0,1009.0,1009.0,1005.0,1005.0,1005.0,1005.0,997.0
1010,2020.03.31,45000.0,1200.0,43850.0,45400.0,43850.0,8520.0,1010.0,1010.0,1006.0,1006.0,1006.0,1006.0,998.0
1011,2020.03.30,43800.0,450.0,42600.0,45400.0,42600.0,7542.0,1011.0,1011.0,1007.0,1007.0,1007.0,1007.0,999.0
1012,2020.03.27,44250.0,850.0,45100.0,46600.0,42100.0,8596.0,1012.0,1012.0,1008.0,1008.0,1008.0,1008.0,1000.0
1013,2020.03.26,43400.0,2550.0,40850.0,43650.0,40300.0,7955.0,1013.0,1013.0,1009.0,1009.0,1009.0,1009.0,1001.0
1014,2020.03.25,40850.0,1850.0,39950.0,41200.0,39000.0,19270.0,1014.0,1014.0,1010.0,1010.0,1010.0,1010.0,1002.0
1015,2020.03.24,39000.0,1900.0,37750.0,39450.0,37600.0,5421.0,1015.0,1015.0,1011.0,1011.0,1011.0,1011.0,1003.0
1016,2020.03.23,37100.0,3900.0,38450.0,39100.0,37000.0,7813.0,1016.0,1016.0,1012.0,1012.0,1012.0,1012.0,1004.0
1017,2020.03.20,41000.0,1000.0,40050.0,42000.0,39150.0,11532.0,1017.0,1017.0,1013.0,1013.0,1013.0,1013.0,1005.0
1018,2020.03.19,40000.0,4500.0,44300.0,44950.0,35500.0,17239.0,1018.0,1018.0,1014.0,1014.0,1014.0,1014.0,1006.0
1019,2020.03.18,44500.0,1750.0,46250.0,47300.0,44200.0,3397.0,1019.0,1019.0,1015.0,1015.0,1015.0,1015.0,1007.0
1020,2020.03.17,46250.0,2700.0,47250.0,47700.0,45300.0,9580.0,1020.0,1020.0,1016.0,1016.0,1016.0,1016.0,1008.0
1021,2020.03.16,48950.0,3150.0,52100.0,52100.0,47650.0,14717.0,1021.0,1021.0,1017.0,1017.0,1017.0,1017.0,1009.0
1022,2020.03.13,52100.0,1400.0,49000.0,53000.0,46200.0,21266.0,1022.0,1022.0,1018.0,1018.0,1018.0,1018.0,1010.0
1023,2020.03.12,53500.0,1800.0,53600.0,54600.0,52100.0,18627.0,1023.0,1023.0,1019.0,1019.0,1019.0,1019.0,1011.0
1024,2020.03.11,55300.0,500.0,55800.0,56200.0,54500.0,5447.0,1024.0,1024.0,1020.0,1020.0,1020.0,1020.0,1012.0
1025,2020.03.10,55800.0,800.0,53200.0,56400.0,53200.0,7819.0,1025.0,1025.0,1021.0,1021.0,1021.0,1021.0,1013.0
1026,2020.03.09,55000.0,2300.0,57000.0,57000.0,54500.0,10816.0,1026.0,1026.0,1022.0,1022.0,1022.0,1022.0,1014.0
1027,2020.03.06,57300.0,600.0,57800.0,57800.0,56000.0,9192.0,1027.0,1027.0,1023.0,1023.0,1023.0,1023.0,1015.0
1028,2020.03.05,57900.0,1500.0,56300.0,58500.0,56300.0,7533.0,1028.0,1028.0,1024.0,1024.0,1024.0,1024.0,1016.0
1029,2020.03.04,56400.0,400.0,55900.0,56800.0,55100.0,5578.0,1029.0,1029.0,1025.0,1025.0,1025.0,1025.0,1017.0
1030,2020.03.03,56000.0,1600.0,54900.0,56800.0,54900.0,10966.0,1030.0,1030.0,1026.0,1026.0,1026.0,1026.0,1018.0
1031,2020.03.02,54400.0,900.0,55100.0,55200.0,53200.0,6955.0,1031.0,1031.0,1027.0,1027.0,1027.0,1027.0,1019.0
1032,2020.02.28,55300.0,2700.0,57400.0,57500.0,52300.0,45700.0,1032.0,1032.0,1028.0,1028.0,1028.0,1028.0,1020.0
1033,2020.02.27,58000.0,1700.0,59300.0,59500.0,57400.0,9717.0,1033.0,1033.0,1029.0,1029.0,1029.0,1029.0,1021.0
1034,2020.02.26,59700.0,1400.0,60000.0,60000.0,58500.0,10491.0,1034.0,1034.0,1030.0,1030.0,1030.0,1030.0,1022.0
1035,2020.02.25,61100.0,1300.0,59100.0,61400.0,58800.0,10685.0,1035.0,1035.0,1031.0,1031.0,1031.0,1031.0,1023.0
1036,2020.02.24,59800.0,900.0,61500.0,61800.0,59100.0,17353.0,1036.0,1036.0,1032.0,1032.0,1032.0,1032.0,1024.0
1037,2020.02.21,58900.0,200.0,58600.0,59200.0,58200.0,4966.0,1037.0,1037.0,1033.0,1033.0,1033.0,1033.0,1025.0
1038,2020.02.20,58700.0,700.0,59400.0,59900.0,58300.0,3853.0,1038.0,1038.0,1034.0,1034.0,1034.0,1034.0,1026.0
1039,2020.02.19,59400.0,300.0,59700.0,60000.0,58700.0,5353.0,1039.0,1039.0,1035.0,1035.0,1035.0,1035.0,1027.0
1040,2020.02.18,59700.0,1100.0,60800.0,61000.0,59400.0,5715.0,1040.0,1040.0,1036.0,1036.0,1036.0,1036.0,1028.0
1041,2020.02.17,60800.0,0.0,60800.0,61400.0,60000.0,7233.0,1041.0,1041.0,1037.0,1037.0,1037.0,1037.0,1029.0
1042,2020.02.14,60800.0,100.0,60300.0,61000.0,59500.0,6355.0,1042.0,1042.0,1038.0,1038.0,1038.0,1038.0,1030.0
1043,2020.02.13,60700.0,100.0,61600.0,61600.0,60200.0,6299.0,1043.0,1043.0,1039.0,1039.0,1039.0,1039.0,1031.0
1044,2020.02.12,60800.0,200.0,60500.0,61300.0,60300.0,4148.0,1044.0,1044.0,1040.0,1040.0,1040.0,1040.0,1032.0
1045,2020.02.11,61000.0,200.0,60900.0,61300.0,60100.0,12394.0,1045.0,1045.0,1041.0,1041.0,1041.0,1041.0,1033.0
1046,2020.02.10,60800.0,300.0,60500.0,61500.0,59900.0,8528.0,1046.0,1046.0,1042.0,1042.0,1042.0,1042.0,1034.0
1047,2020.02.07,60500.0,400.0,60900.0,62000.0,60300.0,10676.0,1047.0,1047.0,1043.0,1043.0,1043.0,1043.0,1035.0
1048,2020.02.06,60900.0,900.0,60600.0,61200.0,59700.0,7258.0,1048.0,1048.0,1044.0,1044.0,1044.0,1044.0,1036.0
1049,2020.02.05,60000.0,1000.0,60600.0,61600.0,59900.0,5421.0,1049.0,1049.0,1045.0,1045.0,1045.0,1045.0,1037.0
1050,2020.02.04,61000.0,100.0,60900.0,61700.0,60800.0,6486.0,1050.0,1050.0,1046.0,1046.0,1046.0,1046.0,1038.0
1051,2020.02.03,61100.0,600.0,60500.0,62600.0,59600.0,4893.0,1051.0,1051.0,1047.0,1047.0,1047.0,1047.0,1039.0
1052,2020.01.31,61700.0,200.0,61200.0,63200.0,61200.0,4945.0,1052.0,1052.0,1048.0,1048.0,1048.0,1048.0,1040.0
1053,2020.01.30,61900.0,1000.0,62800.0,64000.0,61000.0,4211.0,1053.0,1053.0,1049.0,1049.0,1049.0,1049.0,1041.0
1054,2020.01.29,62900.0,1000.0,61500.0,63800.0,61500.0,7509.0,1054.0,1054.0,1050.0,1050.0,1050.0,1050.0,1042.0
1055,2020.01.28,61900.0,1700.0,62000.0,62700.0,60200.0,7787.0,1055.0,1055.0,1051.0,1051.0,1051.0,1051.0,1043.0
1056,2020.01.23,63600.0,400.0,64600.0,65000.0,62300.0,12570.0,1056.0,1056.0,1052.0,1052.0,1052.0,1052.0,1044.0
1057,2020.01.22,64000.0,3200.0,60800.0,64000.0,60100.0,13772.0,1057.0,1057.0,1053.0,1053.0,1053.0,1053.0,1045.0
1058,2020.01.21,60800.0,100.0,61000.0,61200.0,60500.0,3029.0,1058.0,1058.0,1054.0,1054.0,1054.0,1054.0,1046.0
1059,2020.01.20,60900.0,100.0,61700.0,62000.0,60200.0,8504.0,1059.0,1059.0,1055.0,1055.0,1055.0,1055.0,1047.0
1060,2020.01.17,61000.0,0.0,61000.0,61400.0,60100.0,5155.0,1060.0,1060.0,1056.0,1056.0,1056.0,1056.0,1048.0
1061,2020.01.16,61000.0,1300.0,59700.0,63000.0,59700.0,11839.0,1061.0,1061.0,1057.0,1057.0,1057.0,1057.0,1049.0
1062,2020.01.15,59700.0,100.0,59800.0,60600.0,59600.0,3791.0,1062.0,1062.0,1058.0,1058.0,1058.0,1058.0,1050.0
1063,2020.01.14,59800.0,100.0,60000.0,60300.0,59000.0,4331.0,1063.0,1063.0,1059.0,1059.0,1059.0,1059.0,1051.0
1064,2020.01.13,59900.0,1700.0,59600.0,60300.0,58300.0,4271.0,1064.0,1064.0,1060.0,1060.0,1060.0,1060.0,1052.0
1065,2020.01.10,58200.0,200.0,58500.0,60300.0,58200.0,6143.0,1065.0,1065.0,1061.0,1061.0,1061.0,1061.0,1053.0
1066,2020.01.09,58400.0,100.0,58200.0,59000.0,58000.0,5095.0,1066.0,1066.0,1062.0,1062.0,1062.0,1062.0,1054.0
1067,2020.01.08,58300.0,1000.0,58000.0,58900.0,56700.0,7491.0,1067.0,1067.0,1063.0,1063.0,1063.0,1063.0,1055.0
1068,2020.01.07,59300.0,200.0,59200.0,59600.0,58900.0,6198.0,1068.0,1068.0,1064.0,1064.0,1064.0,1064.0,1056.0
1069,2020.01.06,59100.0,900.0,59000.0,59800.0,58700.0,2817.0,1069.0,1069.0,1065.0,1065.0,1065.0,1065.0,1057.0
1070,2020.01.03,60000.0,600.0,60600.0,61000.0,59600.0,2791.0,1070.0,1070.0,1066.0,1066.0,1066.0,1066.0,1058.0
1071,2020.01.02,60600.0,700.0,60200.0,60900.0,60000.0,3306.0,1071.0,1071.0,1067.0,1067.0,1067.0,1067.0,1059.0
1072,2019.12.30,59900.0,1000.0,58900.0,60100.0,58900.0,3467.0,1072.0,1072.0,1068.0,1068.0,1068.0,1068.0,1060.0
1073,2019.12.27,58900.0,700.0,58200.0,58900.0,58200.0,3396.0,1073.0,1073.0,1069.0,1069.0,1069.0,1069.0,1061.0
1074,2019.12.26,58200.0,0.0,58200.0,58800.0,58200.0,9546.0,1074.0,1074.0,1070.0,1070.0,1070.0,1070.0,1062.0
1075,2019.12.24,58200.0,0.0,58300.0,59400.0,58200.0,8245.0,1075.0,1075.0,1071.0,1071.0,1071.0,1071.0,1063.0
1076,2019.12.23,58200.0,100.0,58100.0,59500.0,57400.0,16231.0,1076.0,1076.0,1072.0,1072.0,1072.0,1072.0,1064.0
1077,2019.12.20,58100.0,300.0,58300.0,59400.0,57900.0,5187.0,1077.0,1077.0,1073.0,1073.0,1073.0,1073.0,1065.0
1078,2019.12.19,58400.0,1700.0,60000.0,60500.0,58400.0,8492.0,1078.0,1078.0,1074.0,1074.0,1074.0,1074.0,1066.0
1079,2019.12.18,60100.0,1200.0,61000.0,61000.0,59900.0,8089.0,1079.0,1079.0,1075.0,1075.0,1075.0,1075.0,1067.0
1080,2019.12.17,61300.0,100.0,61100.0,61800.0,60500.0,4244.0,1080.0,1080.0,1076.0,1076.0,1076.0,1076.0,1068.0
1081,2019.12.16,61400.0,500.0,61900.0,62200.0,61100.0,3112.0,1081.0,1081.0,1077.0,1077.0,1077.0,1077.0,1069.0
1082,2019.12.13,61900.0,400.0,61800.0,62000.0,60500.0,5623.0,1082.0,1082.0,1078.0,1078.0,1078.0,1078.0,1070.0
1083,2019.12.12,61500.0,200.0,61500.0,62000.0,61000.0,4928.0,1083.0,1083.0,1079.0,1079.0,1079.0,1079.0,1071.0
1084,2019.12.11,61300.0,500.0,60500.0,62100.0,60500.0,2398.0,1084.0,1084.0,1080.0,1080.0,1080.0,1080.0,1072.0
1085,2019.12.10,60800.0,800.0,61900.0,62300.0,60200.0,6417.0,1085.0,1085.0,1081.0,1081.0,1081.0,1081.0,1073.0
1086,2019.12.09,61600.0,1400.0,62200.0,62700.0,61500.0,12669.0,1086.0,1086.0,1082.0,1082.0,1082.0,1082.0,1074.0
1087,2019.12.06,63000.0,200.0,63600.0,64400.0,62600.0,8279.0,1087.0,1087.0,1083.0,1083.0,1083.0,1083.0,1075.0
1088,2019.12.05,63200.0,3000.0,61100.0,63900.0,61100.0,25881.0,1088.0,1088.0,1084.0,1084.0,1084.0,1084.0,1076.0
1089,2019.12.04,60200.0,200.0,61900.0,62000.0,59800.0,15730.0,1089.0,1089.0,1085.0,1085.0,1085.0,1085.0,1077.0
1090,2019.12.03,60400.0,6700.0,65000.0,65000.0,59900.0,87236.0,1090.0,1090.0,1086.0,1086.0,1086.0,1086.0,1078.0
1091,2019.12.02,67100.0,0.0,67100.0,69000.0,66900.0,2096.0,1091.0,1091.0,1087.0,1087.0,1087.0,1087.0,1079.0
1092,2019.11.29,67100.0,1100.0,67600.0,69900.0,66300.0,19069.0,1092.0,1092.0,1088.0,1088.0,1088.0,1088.0,1080.0
1093,2019.11.28,68200.0,300.0,67500.0,68500.0,66800.0,2014.0,1093.0,1093.0,1089.0,1089.0,1089.0,1089.0,1081.0
1094,2019.11.27,68500.0,100.0,68400.0,69200.0,67200.0,4811.0,1094.0,1094.0,1090.0,1090.0,1090.0,1090.0,1082.0
1095,2019.11.26,68400.0,400.0,68000.0,68400.0,66700.0,5062.0,1095.0,1095.0,1091.0,1091.0,1091.0,1091.0,1083.0
1096,2019.11.25,68000.0,100.0,68000.0,69500.0,67000.0,10370.0,1096.0,1096.0,1092.0,1092.0,1092.0,1092.0,1084.0
1097,2019.11.22,67900.0,2000.0,69800.0,70500.0,67700.0,5967.0,1097.0,1097.0,1093.0,1093.0,1093.0,1093.0,1085.0
1098,2019.11.21,69900.0,1000.0,70600.0,71800.0,68000.0,6999.0,1098.0,1098.0,1094.0,1094.0,1094.0,1094.0,1086.0
1099,2019.11.20,70900.0,400.0,70800.0,72700.0,69100.0,14268.0,1099.0,1099.0,1095.0,1095.0,1095.0,1095.0,1087.0
1100,2019.11.19,70500.0,3700.0,66800.0,70500.0,64900.0,25351.0,1100.0,1100.0,1096.0,1096.0,1096.0,1096.0,1088.0
1101,2019.11.18,66800.0,1500.0,65800.0,67900.0,65300.0,16560.0,1101.0,1101.0,1097.0,1097.0,1097.0,1097.0,1089.0
1102,2019.11.15,65300.0,5100.0,63800.0,72000.0,63800.0,59013.0,1102.0,1102.0,1098.0,1098.0,1098.0,1098.0,1090.0
1103,2019.11.14,60200.0,200.0,60000.0,60600.0,59500.0,2781.0,1103.0,1103.0,1099.0,1099.0,1099.0,1099.0,1091.0
1104,2019.11.13,60000.0,200.0,59800.0,60900.0,59400.0,3849.0,1104.0,1104.0,1100.0,1100.0,1100.0,1100.0,1092.0
1105,2019.11.12,59800.0,200.0,59600.0,59800.0,59000.0,4569.0,1105.0,1105.0,1101.0,1101.0,1101.0,1101.0,1093.0
1106,2019.11.11,59600.0,100.0,59700.0,59700.0,58900.0,5136.0,1106.0,1106.0,1102.0,1102.0,1102.0,1102.0,1094.0
1107,2019.11.08,59700.0,200.0,59900.0,60100.0,59400.0,3911.0,1107.0,1107.0,1103.0,1103.0,1103.0,1103.0,1095.0
1108,2019.11.07,59900.0,100.0,59900.0,60600.0,59200.0,5799.0,1108.0,1108.0,1104.0,1104.0,1104.0,1104.0,1096.0
1109,2019.11.06,60000.0,200.0,60200.0,60700.0,59500.0,8432.0,1109.0,1109.0,1105.0,1105.0,1105.0,1105.0,1097.0
1110,2019.11.05,59800.0,500.0,60300.0,60300.0,59000.0,15438.0,1110.0,1110.0,1106.0,1106.0,1106.0,1106.0,1098.0
1111,2019.11.04,60300.0,400.0,59900.0,60400.0,59500.0,4437.0,1111.0,1111.0,1107.0,1107.0,1107.0,1107.0,1099.0
1112,2019.11.01,59900.0,300.0,59600.0,60500.0,59200.0,3914.0,1112.0,1112.0,1108.0,1108.0,1108.0,1108.0,1100.0
1113,2019.10.31,59600.0,0.0,59800.0,60300.0,59500.0,4878.0,1113.0,1113.0,1109.0,1109.0,1109.0,1109.0,1101.0
1114,2019.10.30,59600.0,300.0,59900.0,60200.0,59500.0,3422.0,1114.0,1114.0,1110.0,1110.0,1110.0,1110.0,1102.0
1115,2019.10.29,59900.0,900.0,60700.0,61100.0,58700.0,8524.0,1115.0,1115.0,1111.0,1111.0,1111.0,1111.0,1103.0
1116,2019.10.28,60800.0,900.0,60800.0,62300.0,59400.0,25109.0,1116.0,1116.0,1112.0,1112.0,1112.0,1112.0,1104.0
1117,2019.10.25,59900.0,700.0,59800.0,60000.0,59200.0,5001.0,1117.0,1117.0,1113.0,1113.0,1113.0,1113.0,1105.0
1118,2019.10.24,59200.0,600.0,59800.0,60000.0,59000.0,12400.0,1118.0,1118.0,1114.0,1114.0,1114.0,1114.0,1106.0
1119,2019.10.23,59800.0,1300.0,61000.0,61000.0,59500.0,3361.0,1119.0,1119.0,1115.0,1115.0,1115.0,1115.0,1107.0
1120,2019.10.22,61100.0,1600.0,60200.0,61200.0,59200.0,8219.0,1120.0,1120.0,1116.0,1116.0,1116.0,1116.0,1108.0
1121,2019.10.21,59500.0,400.0,59900.0,60200.0,59400.0,4011.0,1121.0,1121.0,1117.0,1117.0,1117.0,1117.0,1109.0
1122,2019.10.18,59900.0,300.0,60200.0,60800.0,59800.0,6992.0,1122.0,1122.0,1118.0,1118.0,1118.0,1118.0,1110.0
1123,2019.10.17,60200.0,200.0,60500.0,60900.0,59900.0,966.0,1123.0,1123.0,1119.0,1119.0,1119.0,1119.0,1111.0
1124,2019.10.16,60400.0,300.0,60400.0,61200.0,59700.0,6394.0,1124.0,1124.0,1120.0,1120.0,1120.0,1120.0,1112.0
1125,2019.10.15,60100.0,1600.0,62500.0,62500.0,59500.0,10339.0,1125.0,1125.0,1121.0,1121.0,1121.0,1121.0,1113.0
1126,2019.10.14,61700.0,1000.0,60800.0,61800.0,60400.0,1631.0,1126.0,1126.0,1122.0,1122.0,1122.0,1122.0,1114.0
1127,2019.10.11,60700.0,1700.0,62400.0,62500.0,60700.0,3023.0,1127.0,1127.0,1123.0,1123.0,1123.0,1123.0,1115.0
1128,2019.10.10,62400.0,900.0,61100.0,62400.0,60800.0,3979.0,1128.0,1128.0,1124.0,1124.0,1124.0,1124.0,1116.0
1129,2019.10.08,61500.0,2000.0,59500.0,61800.0,58800.0,7866.0,1129.0,1129.0,1125.0,1125.0,1125.0,1125.0,1117.0
1130,2019.10.07,59500.0,600.0,58900.0,59700.0,58700.0,3524.0,1130.0,1130.0,1126.0,1126.0,1126.0,1126.0,1118.0
1131,2019.10.04,58900.0,400.0,58600.0,59300.0,58400.0,5535.0,1131.0,1131.0,1127.0,1127.0,1127.0,1127.0,1119.0
1132,2019.10.02,59300.0,700.0,59900.0,60000.0,59300.0,5169.0,1132.0,1132.0,1128.0,1128.0,1128.0,1128.0,1120.0
1133,2019.10.01,60000.0,1100.0,61100.0,61100.0,59700.0,3731.0,1133.0,1133.0,1129.0,1129.0,1129.0,1129.0,1121.0
1134,2019.09.30,61100.0,300.0,60900.0,61100.0,59400.0,4567.0,1134.0,1134.0,1130.0,1130.0,1130.0,1130.0,1122.0
1135,2019.09.27,60800.0,800.0,59900.0,61500.0,59900.0,3409.0,1135.0,1135.0,1131.0,1131.0,1131.0,1131.0,1123.0
1136,2019.09.26,60000.0,200.0,60500.0,61200.0,59000.0,5690.0,1136.0,1136.0,1132.0,1132.0,1132.0,1132.0,1124.0
1137,2019.09.25,59800.0,1000.0,60600.0,60800.0,58200.0,9365.0,1137.0,1137.0,1133.0,1133.0,1133.0,1133.0,1125.0
1138,2019.09.24,60800.0,600.0,60400.0,60800.0,59500.0,3954.0,1138.0,1138.0,1134.0,1134.0,1134.0,1134.0,1126.0
1139,2019.09.23,60200.0,1600.0,61900.0,61900.0,60000.0,5565.0,1139.0,1139.0,1135.0,1135.0,1135.0,1135.0,1127.0
1140,2019.09.20,61800.0,200.0,62000.0,62400.0,60400.0,5044.0,1140.0,1140.0,1136.0,1136.0,1136.0,1136.0,1128.0
1141,2019.09.19,62000.0,1300.0,63300.0,63300.0,62000.0,3554.0,1141.0,1141.0,1137.0,1137.0,1137.0,1137.0,1129.0
1142,2019.09.18,63300.0,100.0,63000.0,63300.0,62000.0,3339.0,1142.0,1142.0,1138.0,1138.0,1138.0,1138.0,1130.0
1143,2019.09.17,63200.0,600.0,62600.0,63200.0,62200.0,1228.0,1143.0,1143.0,1139.0,1139.0,1139.0,1139.0,1131.0
1144,2019.09.16,62600.0,200.0,63000.0,63500.0,62400.0,1909.0,1144.0,1144.0,1140.0,1140.0,1140.0,1140.0,1132.0
1145,2019.09.11,62400.0,1000.0,62000.0,62600.0,60900.0,4978.0,1145.0,1145.0,1141.0,1141.0,1141.0,1141.0,1133.0
1146,2019.09.10,61400.0,100.0,61600.0,61800.0,61200.0,4149.0,1146.0,1146.0,1142.0,1142.0,1142.0,1142.0,1134.0
1147,2019.09.09,61500.0,400.0,62000.0,62100.0,59900.0,10358.0,1147.0,1147.0,1143.0,1143.0,1143.0,1143.0,1135.0
1148,2019.09.06,61900.0,600.0,62500.0,63200.0,61000.0,2214.0,1148.0,1148.0,1144.0,1144.0,1144.0,1144.0,1136.0
1149,2019.09.05,62500.0,600.0,63100.0,63900.0,61400.0,5062.0,1149.0,1149.0,1145.0,1145.0,1145.0,1145.0,1137.0
1150,2019.09.04,63100.0,900.0,62000.0,63400.0,61400.0,1574.0,1150.0,1150.0,1146.0,1146.0,1146.0,1146.0,1138.0
1151,2019.09.03,62200.0,800.0,61400.0,62200.0,60800.0,1376.0,1151.0,1151.0,1147.0,1147.0,1147.0,1147.0,1139.0
1152,2019.09.02,61400.0,100.0,61600.0,62500.0,60600.0,2520.0,1152.0,1152.0,1148.0,1148.0,1148.0,1148.0,1140.0
1153,2019.08.30,61500.0,0.0,61500.0,62300.0,61500.0,1274.0,1153.0,1153.0,1149.0,1149.0,1149.0,1149.0,1141.0
1154,2019.08.29,61500.0,500.0,62700.0,62700.0,60800.0,2002.0,1154.0,1154.0,1150.0,1150.0,1150.0,1150.0,1142.0
1155,2019.08.28,62000.0,700.0,62800.0,62800.0,61000.0,3669.0,1155.0,1155.0,1151.0,1151.0,1151.0,1151.0,1143.0
1156,2019.08.27,62700.0,1700.0,62300.0,62900.0,61300.0,5466.0,1156.0,1156.0,1152.0,1152.0,1152.0,1152.0,1144.0
1157,2019.08.26,61000.0,600.0,61300.0,61500.0,59800.0,4550.0,1157.0,1157.0,1153.0,1153.0,1153.0,1153.0,1145.0
1158,2019.08.23,61600.0,400.0,62000.0,62800.0,60900.0,4406.0,1158.0,1158.0,1154.0,1154.0,1154.0,1154.0,1146.0
1159,2019.08.22,62000.0,100.0,62100.0,62500.0,61100.0,4366.0,1159.0,1159.0,1155.0,1155.0,1155.0,1155.0,1147.0
1160,2019.08.21,62100.0,200.0,62600.0,62700.0,61400.0,4591.0,1160.0,1160.0,1156.0,1156.0,1156.0,1156.0,1148.0
1161,2019.08.20,61900.0,1100.0,60900.0,62200.0,60300.0,3868.0,1161.0,1161.0,1157.0,1157.0,1157.0,1157.0,1149.0
1162,2019.08.19,60800.0,1900.0,59200.0,62300.0,58900.0,15512.0,1162.0,1162.0,1158.0,1158.0,1158.0,1158.0,1150.0
1163,2019.08.16,58900.0,200.0,61800.0,61800.0,58400.0,10853.0,1163.0,1163.0,1159.0,1159.0,1159.0,1159.0,1151.0
1164,2019.08.14,59100.0,1700.0,60800.0,61200.0,59000.0,4320.0,1164.0,1164.0,1160.0,1160.0,1160.0,1160.0,1152.0
1165,2019.08.13,60800.0,2300.0,58300.0,60800.0,58100.0,8681.0,1165.0,1165.0,1161.0,1161.0,1161.0,1161.0,1153.0
1166,2019.08.12,58500.0,700.0,57800.0,58900.0,57200.0,3326.0,1166.0,1166.0,1162.0,1162.0,1162.0,1162.0,1154.0
1167,2019.08.09,57800.0,800.0,57000.0,58000.0,56900.0,2173.0,1167.0,1167.0,1163.0,1163.0,1163.0,1163.0,1155.0
1168,2019.08.08,57000.0,2300.0,55800.0,57700.0,54900.0,3796.0,1168.0,1168.0,1164.0,1164.0,1164.0,1164.0,1156.0
1169,2019.08.07,54700.0,1200.0,53500.0,57100.0,52500.0,14632.0,1169.0,1169.0,1165.0,1165.0,1165.0,1165.0,1157.0
1170,2019.08.06,53500.0,900.0,52500.0,56100.0,51500.0,4763.0,1170.0,1170.0,1166.0,1166.0,1166.0,1166.0,1158.0
1171,2019.08.05,54400.0,3800.0,57800.0,58300.0,53900.0,10032.0,1171.0,1171.0,1167.0,1167.0,1167.0,1167.0,1159.0
1172,2019.08.02,58200.0,300.0,57000.0,58300.0,56700.0,1591.0,1172.0,1172.0,1168.0,1168.0,1168.0,1168.0,1160.0
1173,2019.08.01,58500.0,400.0,58900.0,58900.0,57100.0,5353.0,1173.0,1173.0,1169.0,1169.0,1169.0,1169.0,1161.0
1174,2019.07.31,58900.0,300.0,57800.0,59400.0,56700.0,5237.0,1174.0,1174.0,1170.0,1170.0,1170.0,1170.0,1162.0
1175,2019.07.30,58600.0,1600.0,55100.0,59000.0,55100.0,5654.0,1175.0,1175.0,1171.0,1171.0,1171.0,1171.0,1163.0
1176,2019.07.29,57000.0,700.0,57400.0,57800.0,56300.0,6506.0,1176.0,1176.0,1172.0,1172.0,1172.0,1172.0,1164.0
1177,2019.07.26,57700.0,500.0,56600.0,58800.0,56600.0,4818.0,1177.0,1177.0,1173.0,1173.0,1173.0,1173.0,1165.0
1178,2019.07.25,57200.0,1600.0,58800.0,58800.0,56600.0,7081.0,1178.0,1178.0,1174.0,1174.0,1174.0,1174.0,1166.0
1179,2019.07.24,58800.0,300.0,59000.0,59200.0,58500.0,3232.0,1179.0,1179.0,1175.0,1175.0,1175.0,1175.0,1167.0
1180,2019.07.23,59100.0,100.0,58400.0,60200.0,58400.0,4609.0,1180.0,1180.0,1176.0,1176.0,1176.0,1176.0,1168.0
1181,2019.07.22,59000.0,0.0,58500.0,59700.0,58000.0,3617.0,1181.0,1181.0,1177.0,1177.0,1177.0,1177.0,1169.0
1182,2019.07.19,59000.0,1700.0,58000.0,60000.0,57600.0,7503.0,1182.0,1182.0,1178.0,1178.0,1178.0,1178.0,1170.0
1183,2019.07.18,57300.0,400.0,57500.0,57700.0,56700.0,11176.0,1183.0,1183.0,1179.0,1179.0,1179.0,1179.0,1171.0
1184,2019.07.17,57700.0,200.0,57500.0,58400.0,57100.0,4620.0,1184.0,1184.0,1180.0,1180.0,1180.0,1180.0,1172.0
1185,2019.07.16,57500.0,2400.0,59900.0,59900.0,57100.0,18470.0,1185.0,1185.0,1181.0,1181.0,1181.0,1181.0,1173.0
1186,2019.07.15,59900.0,1200.0,61600.0,61600.0,59400.0,2481.0,1186.0,1186.0,1182.0,1182.0,1182.0,1182.0,1174.0
1187,2019.07.12,61100.0,500.0,61800.0,63400.0,59500.0,7957.0,1187.0,1187.0,1183.0,1183.0,1183.0,1183.0,1175.0
1188,2019.07.11,61600.0,300.0,62500.0,62500.0,59300.0,3984.0,1188.0,1188.0,1184.0,1184.0,1184.0,1184.0,1176.0
1189,2019.07.10,61900.0,0.0,61600.0,62700.0,61400.0,2719.0,1189.0,1189.0,1185.0,1185.0,1185.0,1185.0,1177.0
1190,2019.07.09,61900.0,400.0,61800.0,62800.0,61400.0,4693.0,1190.0,1190.0,1186.0,1186.0,1186.0,1186.0,1178.0
1191,2019.07.08,62300.0,2200.0,64500.0,64500.0,60800.0,14566.0,1191.0,1191.0,1187.0,1187.0,1187.0,1187.0,1179.0
1192,2019.07.05,64500.0,600.0,63700.0,65100.0,63700.0,2852.0,1192.0,1192.0,1188.0,1188.0,1188.0,1188.0,1180.0
1193,2019.07.04,65100.0,1300.0,66400.0,67700.0,64400.0,6402.0,1193.0,1193.0,1189.0,1189.0,1189.0,1189.0,1181.0
1194,2019.07.03,66400.0,400.0,66000.0,68000.0,65300.0,7815.0,1194.0,1194.0,1190.0,1190.0,1190.0,1190.0,1182.0
1195,2019.07.02,66800.0,0.0,66800.0,68300.0,65100.0,7092.0,1195.0,1195.0,1191.0,1191.0,1191.0,1191.0,1183.0
1196,2019.07.01,66800.0,800.0,66000.0,67700.0,66000.0,4222.0,1196.0,1196.0,1192.0,1192.0,1192.0,1192.0,1184.0
1197,2019.06.28,66000.0,700.0,65200.0,67000.0,63500.0,9264.0,1197.0,1197.0,1193.0,1193.0,1193.0,1193.0,1185.0
1198,2019.06.27,65300.0,2100.0,66700.0,66900.0,64000.0,13024.0,1198.0,1198.0,1194.0,1194.0,1194.0,1194.0,1186.0
1199,2019.06.26,67400.0,1200.0,68300.0,68300.0,65500.0,14491.0,1199.0,1199.0,1195.0,1195.0,1195.0,1195.0,1187.0
1200,2019.06.25,68600.0,1900.0,70200.0,70200.0,67000.0,10491.0,1200.0,1200.0,1196.0,1196.0,1196.0,1196.0,1188.0
1201,2019.06.24,70500.0,200.0,70600.0,70800.0,69400.0,4078.0,1201.0,1201.0,1197.0,1197.0,1197.0,1197.0,1189.0
1202,2019.06.21,70700.0,100.0,70700.0,71000.0,68900.0,8602.0,1202.0,1202.0,1198.0,1198.0,1198.0,1198.0,1190.0
1203,2019.06.20,70800.0,300.0,70500.0,73200.0,70200.0,10585.0,1203.0,1203.0,1199.0,1199.0,1199.0,1199.0,1191.0
1204,2019.06.19,70500.0,900.0,69600.0,71100.0,69100.0,8254.0,1204.0,1204.0,1200.0,1200.0,1200.0,1200.0,1192.0
1205,2019.06.18,69600.0,100.0,70300.0,70400.0,69200.0,4374.0,1205.0,1205.0,1201.0,1201.0,1201.0,1201.0,1193.0
1206,2019.06.17,69700.0,3500.0,72000.0,73000.0,68900.0,17678.0,1206.0,1206.0,1202.0,1202.0,1202.0,1202.0,1194.0
1207,2019.06.14,73200.0,900.0,72300.0,73200.0,70800.0,9788.0,1207.0,1207.0,1203.0,1203.0,1203.0,1203.0,1195.0
1208,2019.06.13,72300.0,2100.0,74700.0,74700.0,71500.0,23597.0,1208.0,1208.0,1204.0,1204.0,1204.0,1204.0,1196.0
1209,2019.06.12,74400.0,4500.0,69500.0,74500.0,69200.0,29185.0,1209.0,1209.0,1205.0,1205.0,1205.0,1205.0,1197.0
1210,2019.06.11,69900.0,300.0,70300.0,71200.0,69100.0,15193.0,1210.0,1210.0,1206.0,1206.0,1206.0,1206.0,1198.0
1211,2019.06.10,70200.0,5200.0,65600.0,70200.0,65100.0,52628.0,1211.0,1211.0,1207.0,1207.0,1207.0,1207.0,1199.0
1212,2019.06.07,65000.0,1700.0,63400.0,65100.0,63400.0,14493.0,1212.0,1212.0,1208.0,1208.0,1208.0,1208.0,1200.0
1213,2019.06.05,63300.0,1100.0,64500.0,64700.0,63000.0,10556.0,1213.0,1213.0,1209.0,1209.0,1209.0,1209.0,1201.0
1214,2019.06.04,64400.0,500.0,63400.0,64900.0,63100.0,10459.0,1214.0,1214.0,1210.0,1210.0,1210.0,1210.0,1202.0
1215,2019.06.03,63900.0,500.0,64400.0,64400.0,63300.0,5560.0,1215.0,1215.0,1211.0,1211.0,1211.0,1211.0,1203.0
1216,2019.05.31,64400.0,100.0,64800.0,64800.0,63300.0,6391.0,1216.0,1216.0,1212.0,1212.0,1212.0,1212.0,1204.0
1217,2019.05.30,64300.0,600.0,62500.0,64400.0,62500.0,8776.0,1217.0,1217.0,1213.0,1213.0,1213.0,1213.0,1205.0
1218,2019.05.29,63700.0,500.0,63000.0,64000.0,61700.0,13359.0,1218.0,1218.0,1214.0,1214.0,1214.0,1214.0,1206.0
1219,2019.05.28,63200.0,1300.0,65500.0,65500.0,61800.0,10788.0,1219.0,1219.0,1215.0,1215.0,1215.0,1215.0,1207.0
1220,2019.05.27,64500.0,1500.0,63900.0,64500.0,61500.0,16289.0,1220.0,1220.0,1216.0,1216.0,1216.0,1216.0,1208.0
1221,2019.05.24,63000.0,400.0,63400.0,63600.0,61300.0,6849.0,1221.0,1221.0,1217.0,1217.0,1217.0,1217.0,1209.0
1222,2019.05.23,63400.0,500.0,63400.0,63700.0,60000.0,13933.0,1222.0,1222.0,1218.0,1218.0,1218.0,1218.0,1210.0
1223,2019.05.22,63900.0,600.0,63900.0,64200.0,62200.0,8784.0,1223.0,1223.0,1219.0,1219.0,1219.0,1219.0,1211.0
1224,2019.05.21,63300.0,200.0,63500.0,64000.0,62800.0,11093.0,1224.0,1224.0,1220.0,1220.0,1220.0,1220.0,1212.0
1225,2019.05.20,63500.0,300.0,63900.0,65000.0,63100.0,15969.0,1225.0,1225.0,1221.0,1221.0,1221.0,1221.0,1213.0
1226,2019.05.17,63800.0,1400.0,63700.0,64000.0,61800.0,25187.0,1226.0,1226.0,1222.0,1222.0,1222.0,1222.0,1214.0
1227,2019.05.16,62400.0,2800.0,59700.0,63500.0,59700.0,37499.0,1227.0,1227.0,1223.0,1223.0,1223.0,1223.0,1215.0
1228,2019.05.15,59600.0,300.0,60300.0,61000.0,59100.0,4272.0,1228.0,1228.0,1224.0,1224.0,1224.0,1224.0,1216.0
1229,2019.05.14,59900.0,1100.0,57100.0,59900.0,56600.0,10815.0,1229.0,1229.0,1225.0,1225.0,1225.0,1225.0,1217.0
1230,2019.05.13,58800.0,2100.0,56700.0,59400.0,55900.0,9420.0,1230.0,1230.0,1226.0,1226.0,1226.0,1226.0,1218.0
1231,2019.05.10,56700.0,300.0,56900.0,57500.0,55000.0,9331.0,1231.0,1231.0,1227.0,1227.0,1227.0,1227.0,1219.0
1232,2019.05.09,57000.0,1000.0,58000.0,58800.0,56600.0,6900.0,1232.0,1232.0,1228.0,1228.0,1228.0,1228.0,1220.0
1233,2019.05.08,58000.0,0.0,57800.0,59200.0,57100.0,4606.0,1233.0,1233.0,1229.0,1229.0,1229.0,1229.0,1221.0
1234,2019.05.07,58000.0,0.0,57800.0,59200.0,56300.0,14491.0,1234.0,1234.0,1230.0,1230.0,1230.0,1230.0,1222.0
1235,2019.05.03,58000.0,300.0,58400.0,58900.0,57000.0,9483.0,1235.0,1235.0,1231.0,1231.0,1231.0,1231.0,1223.0
1236,2019.05.02,58300.0,1900.0,60200.0,60200.0,57700.0,18971.0,1236.0,1236.0,1232.0,1232.0,1232.0,1232.0,1224.0
1237,2019.04.30,60200.0,600.0,60800.0,61400.0,58400.0,11251.0,1237.0,1237.0,1233.0,1233.0,1233.0,1233.0,1225.0
1238,2019.04.29,60800.0,800.0,61600.0,61600.0,59800.0,10766.0,1238.0,1238.0,1234.0,1234.0,1234.0,1234.0,1226.0
1239,2019.04.26,61600.0,2400.0,63900.0,63900.0,60400.0,14556.0,1239.0,1239.0,1235.0,1235.0,1235.0,1235.0,1227.0
1240,2019.04.25,64000.0,3000.0,61400.0,64400.0,60000.0,19604.0,1240.0,1240.0,1236.0,1236.0,1236.0,1236.0,1228.0
1241,2019.04.24,61000.0,500.0,62300.0,62300.0,59800.0,12818.0,1241.0,1241.0,1237.0,1237.0,1237.0,1237.0,1229.0
1242,2019.04.23,61500.0,1000.0,62500.0,62600.0,58300.0,23743.0,1242.0,1242.0,1238.0,1238.0,1238.0,1238.0,1230.0
1243,2019.04.22,62500.0,1200.0,63100.0,64100.0,61500.0,9544.0,1243.0,1243.0,1239.0,1239.0,1239.0,1239.0,1231.0
1244,2019.04.19,63700.0,400.0,65400.0,65400.0,62300.0,12922.0,1244.0,1244.0,1240.0,1240.0,1240.0,1240.0,1232.0
1245,2019.04.18,64100.0,1400.0,63300.0,65700.0,62700.0,30027.0,1245.0,1245.0,1241.0,1241.0,1241.0,1241.0,1233.0
1246,2019.04.17,62700.0,1600.0,61100.0,64600.0,60900.0,27117.0,1246.0,1246.0,1242.0,1242.0,1242.0,1242.0,1234.0
1247,2019.04.16,61100.0,200.0,60400.0,63200.0,60200.0,38684.0,1247.0,1247.0,1243.0,1243.0,1243.0,1243.0,1235.0
1248,2019.04.15,61300.0,6200.0,67500.0,67700.0,61200.0,59699.0,1248.0,1248.0,1244.0,1244.0,1244.0,1244.0,1236.0
1249,2019.04.12,67500.0,4700.0,62800.0,67500.0,62800.0,33589.0,1249.0,1249.0,1245.0,1245.0,1245.0,1245.0,1237.0
1250,2019.04.11,62800.0,2900.0,60300.0,65700.0,60300.0,59569.0,1250.0,1250.0,1246.0,1246.0,1246.0,1246.0,1238.0
1251,2019.04.10,59900.0,900.0,58800.0,60100.0,58000.0,14883.0,1251.0,1251.0,1247.0,1247.0,1247.0,1247.0,1239.0
1252,2019.04.09,59000.0,1100.0,57700.0,59300.0,57300.0,15850.0,1252.0,1252.0,1248.0,1248.0,1248.0,1248.0,1240.0
1253,2019.04.08,57900.0,100.0,57800.0,58000.0,56700.0,18050.0,1253.0,1253.0,1249.0,1249.0,1249.0,1249.0,1241.0
1254,2019.04.05,57800.0,3500.0,54000.0,57800.0,54000.0,49827.0,1254.0,1254.0,1250.0,1250.0,1250.0,1250.0,1242.0
1255,2019.04.04,54300.0,1200.0,53100.0,54500.0,52300.0,13039.0,1255.0,1255.0,1251.0,1251.0,1251.0,1251.0,1243.0
1256,2019.04.03,53100.0,200.0,53400.0,53700.0,51600.0,14649.0,1256.0,1256.0,1252.0,1252.0,1252.0,1252.0,1244.0
1257,2019.04.02,53300.0,200.0,53500.0,55800.0,53300.0,28749.0,1257.0,1257.0,1253.0,1253.0,1253.0,1253.0,1245.0
1258,2019.04.01,53500.0,2300.0,51800.0,53700.0,51200.0,30625.0,1258.0,1258.0,1254.0,1254.0,1254.0,1254.0,1246.0
1259,2019.03.29,51200.0,200.0,51300.0,51600.0,50300.0,8790.0,1259.0,1259.0,1255.0,1255.0,1255.0,1255.0,1247.0
1260,2019.03.28,51000.0,0.0,51000.0,51600.0,49700.0,7325.0,1260.0,1260.0,1256.0,1256.0,1256.0,1256.0,1248.0
1261,2019.03.27,51000.0,400.0,51400.0,51800.0,50400.0,11534.0,1261.0,1261.0,1257.0,1257.0,1257.0,1257.0,1249.0
1262,2019.03.26,51400.0,800.0,50700.0,51500.0,50100.0,16204.0,1262.0,1262.0,1258.0,1258.0,1258.0,1258.0,1250.0
1263,2019.03.25,50600.0,200.0,50400.0,52000.0,50100.0,23809.0,1263.0,1263.0,1259.0,1259.0,1259.0,1259.0,1251.0
1264,2019.03.22,50800.0,2900.0,48500.0,51500.0,47850.0,64254.0,1264.0,1264.0,1260.0,1260.0,1260.0,1260.0,1252.0
1265,2019.03.21,47900.0,300.0,48300.0,48700.0,47750.0,14659.0,1265.0,1265.0,1261.0,1261.0,1261.0,1261.0,1253.0
1266,2019.03.20,48200.0,1000.0,47300.0,48200.0,46900.0,21435.0,1266.0,1266.0,1262.0,1262.0,1262.0,1262.0,1254.0
1267,2019.03.19,47200.0,1850.0,45450.0,47300.0,45350.0,14680.0,1267.0,1267.0,1263.0,1263.0,1263.0,1263.0,1255.0
1268,2019.03.18,45350.0,600.0,45100.0,45400.0,45000.0,3097.0,1268.0,1268.0,1264.0,1264.0,1264.0,1264.0,1256.0
1269,2019.03.15,44750.0,400.0,45150.0,45150.0,44600.0,3013.0,1269.0,1269.0,1265.0,1265.0,1265.0,1265.0,1257.0
1270,2019.03.14,45150.0,250.0,44900.0,45250.0,44750.0,4686.0,1270.0,1270.0,1266.0,1266.0,1266.0,1266.0,1258.0
1271,2019.03.13,44900.0,50.0,45100.0,45100.0,44850.0,2393.0,1271.0,1271.0,1267.0,1267.0,1267.0,1267.0,1259.0
1272,2019.03.12,44850.0,50.0,45150.0,45150.0,44700.0,4475.0,1272.0,1272.0,1268.0,1268.0,1268.0,1268.0,1260.0
1273,2019.03.11,44800.0,600.0,44700.0,44800.0,44200.0,9737.0,1273.0,1273.0,1269.0,1269.0,1269.0,1269.0,1261.0
1274,2019.03.08,44200.0,800.0,43500.0,44250.0,43450.0,5208.0,1274.0,1274.0,1270.0,1270.0,1270.0,1270.0,1262.0
1275,2019.03.07,43400.0,50.0,43050.0,43650.0,43050.0,3877.0,1275.0,1275.0,1271.0,1271.0,1271.0,1271.0,1263.0
1276,2019.03.06,43350.0,450.0,43950.0,43950.0,43200.0,1189.0,1276.0,1276.0,1272.0,1272.0,1272.0,1272.0,1264.0
1277,2019.03.05,43800.0,150.0,44150.0,44150.0,43200.0,1151.0,1277.0,1277.0,1273.0,1273.0,1273.0,1273.0,1265.0
1278,2019.03.04,43650.0,350.0,43300.0,43850.0,43000.0,4160.0,1278.0,1278.0,1274.0,1274.0,1274.0,1274.0,1266.0
1279,2019.02.28,43300.0,200.0,43500.0,43950.0,43300.0,5729.0,1279.0,1279.0,1275.0,1275.0,1275.0,1275.0,1267.0
1280,2019.02.27,43500.0,100.0,43550.0,43600.0,43250.0,1098.0,1280.0,1280.0,1276.0,1276.0,1276.0,1276.0,1268.0
1281,2019.02.26,43600.0,400.0,44000.0,44100.0,43500.0,876.0,1281.0,1281.0,1277.0,1277.0,1277.0,1277.0,1269.0
1282,2019.02.25,44000.0,450.0,43550.0,44150.0,43550.0,1588.0,1282.0,1282.0,1278.0,1278.0,1278.0,1278.0,1270.0
1283,2019.02.22,43550.0,150.0,43700.0,43800.0,43350.0,3116.0,1283.0,1283.0,1279.0,1279.0,1279.0,1279.0,1271.0
1284,2019.02.21,43700.0,550.0,44250.0,44250.0,43600.0,2741.0,1284.0,1284.0,1280.0,1280.0,1280.0,1280.0,1272.0
1285,2019.02.20,44250.0,100.0,44350.0,44350.0,43900.0,1470.0,1285.0,1285.0,1281.0,1281.0,1281.0,1281.0,1273.0
1286,2019.02.19,44350.0,150.0,44200.0,44850.0,44000.0,641.0,1286.0,1286.0,1282.0,1282.0,1282.0,1282.0,1274.0
1287,2019.02.18,44200.0,0.0,44050.0,44700.0,43800.0,1905.0,1287.0,1287.0,1283.0,1283.0,1283.0,1283.0,1275.0
1288,2019.02.15,44200.0,200.0,44450.0,44450.0,44000.0,1402.0,1288.0,1288.0,1284.0,1284.0,1284.0,1284.0,1276.0
1289,2019.02.14,44000.0,50.0,44050.0,44600.0,43700.0,1891.0,1289.0,1289.0,1285.0,1285.0,1285.0,1285.0,1277.0
1290,2019.02.13,44050.0,200.0,44500.0,44600.0,43750.0,3279.0,1290.0,1290.0,1286.0,1286.0,1286.0,1286.0,1278.0
1291,2019.02.12,43850.0,850.0,44700.0,44800.0,43850.0,1530.0,1291.0,1291.0,1287.0,1287.0,1287.0,1287.0,1279.0
1292,2019.02.11,44700.0,200.0,44800.0,44850.0,44500.0,2388.0,1292.0,1292.0,1288.0,1288.0,1288.0,1288.0,1280.0
1293,2019.02.08,44500.0,0.0,44400.0,44750.0,44000.0,6417.0,1293.0,1293.0,1289.0,1289.0,1289.0,1289.0,1281.0
1294,2019.02.07,44500.0,0.0,44500.0,44700.0,44000.0,2596.0,1294.0,1294.0,1290.0,1290.0,1290.0,1290.0,1282.0
1295,2019.02.01,44500.0,0.0,44500.0,44800.0,43700.0,1166.0,1295.0,1295.0,1291.0,1291.0,1291.0,1291.0,1283.0
1296,2019.01.31,44500.0,600.0,44200.0,44500.0,43900.0,6639.0,1296.0,1296.0,1292.0,1292.0,1292.0,1292.0,1284.0
1297,2019.01.30,43900.0,200.0,43650.0,44000.0,43300.0,3344.0,1297.0,1297.0,1293.0,1293.0,1293.0,1293.0,1285.0
1298,2019.01.29,43700.0,50.0,43700.0,43700.0,43250.0,1225.0,1298.0,1298.0,1294.0,1294.0,1294.0,1294.0,1286.0
1299,2019.01.28,43650.0,250.0,43550.0,43650.0,42800.0,2206.0,1299.0,1299.0,1295.0,1295.0,1295.0,1295.0,1287.0
1300,2019.01.25,43400.0,150.0,43700.0,43700.0,42700.0,1517.0,1300.0,1300.0,1296.0,1296.0,1296.0,1296.0,1288.0
1301,2019.01.24,43550.0,200.0,43500.0,43800.0,43100.0,2741.0,1301.0,1301.0,1297.0,1297.0,1297.0,1297.0,1289.0
1302,2019.01.23,43350.0,350.0,43000.0,43500.0,43000.0,4259.0,1302.0,1302.0,1298.0,1298.0,1298.0,1298.0,1290.0
1303,2019.01.22,43000.0,300.0,43150.0,43150.0,42850.0,2384.0,1303.0,1303.0,1299.0,1299.0,1299.0,1299.0,1291.0
1304,2019.01.21,42700.0,300.0,43000.0,43300.0,42700.0,3468.0,1304.0,1304.0,1300.0,1300.0,1300.0,1300.0,1292.0
1305,2019.01.18,43000.0,0.0,43200.0,43350.0,42950.0,1660.0,1305.0,1305.0,1301.0,1301.0,1301.0,1301.0,1293.0
1306,2019.01.17,43000.0,150.0,43150.0,43150.0,42700.0,1198.0,1306.0,1306.0,1302.0,1302.0,1302.0,1302.0,1294.0
1307,2019.01.16,43150.0,100.0,43050.0,43250.0,43000.0,1388.0,1307.0,1307.0,1303.0,1303.0,1303.0,1303.0,1295.0
1308,2019.01.15,43050.0,0.0,43050.0,43350.0,43050.0,1748.0,1308.0,1308.0,1304.0,1304.0,1304.0,1304.0,1296.0
1309,2019.01.14,43050.0,250.0,42550.0,43100.0,42550.0,2232.0,1309.0,1309.0,1305.0,1305.0,1305.0,1305.0,1297.0
1310,2019.01.11,42800.0,250.0,43100.0,43100.0,42400.0,1422.0,1310.0,1310.0,1306.0,1306.0,1306.0,1306.0,1298.0
1311,2019.01.10,42550.0,550.0,41900.0,42550.0,41900.0,6003.0,1311.0,1311.0,1307.0,1307.0,1307.0,1307.0,1299.0
1312,2019.01.09,42000.0,450.0,42000.0,42450.0,41950.0,2516.0,1312.0,1312.0,1308.0,1308.0,1308.0,1308.0,1300.0
1313,2019.01.08,42450.0,450.0,41950.0,42450.0,41800.0,1347.0,1313.0,1313.0,1309.0,1309.0,1309.0,1309.0,1301.0
1314,2019.01.07,42000.0,0.0,41550.0,42250.0,41550.0,2172.0,1314.0,1314.0,1310.0,1310.0,1310.0,1310.0,1302.0
1315,2019.01.04,42000.0,0.0,41500.0,42400.0,41050.0,2399.0,1315.0,1315.0,1311.0,1311.0,1311.0,1311.0,1303.0
1316,2019.01.03,42000.0,100.0,42150.0,42450.0,41600.0,7244.0,1316.0,1316.0,1312.0,1312.0,1312.0,1312.0,1304.0
1317,2019.01.02,42100.0,600.0,42700.0,42700.0,42100.0,1475.0,1317.0,1317.0,1313.0,1313.0,1313.0,1313.0,1305.0
1318,2018.12.28,42700.0,300.0,42250.0,42950.0,42200.0,933.0,1318.0,1318.0,1314.0,1314.0,1314.0,1314.0,1306.0
1319,2018.12.27,42400.0,0.0,41650.0,42400.0,41650.0,503.0,1319.0,1319.0,1315.0,1315.0,1315.0,1315.0,1307.0
1320,2018.12.26,42400.0,300.0,42650.0,42650.0,41550.0,9595.0,1320.0,1320.0,1316.0,1316.0,1316.0,1316.0,1308.0
1321,2018.12.24,42700.0,100.0,42800.0,42850.0,42450.0,529.0,1321.0,1321.0,1317.0,1317.0,1317.0,1317.0,1309.0
