,날짜,종가,전일비,시가,고가,저가,거래량,Unnamed: 0.5,Unnamed: 0.4,Unnamed: 0.3,Unnamed: 0.2,Unnamed: 0.1,Unnamed: 0
0,2024.05.07,2180.0,상승  20,2160.0,2180.0,2145.0,71674.0,0.0,0.0,,,,
1,2024.05.03,2160.0,상승  10,2150.0,2175.0,2140.0,59580.0,1.0,1.0,,,,
2,2024.05.02,2150.0,보합0,2180.0,2180.0,2145.0,41491.0,2.0,2.0,,,,
3,2024.04.30,2150.0,상승  15,2130.0,2190.0,2130.0,33848.0,3.0,3.0,,,,
4,2024.04.29,2135.0,하락  5,2140.0,2190.0,2115.0,67545.0,4.0,4.0,0.0,0.0,0.0,
5,2024.04.26,2140.0,상승  10,2120.0,2180.0,2115.0,98773.0,5.0,5.0,1.0,1.0,1.0,
6,2024.04.25,2130.0,보합0,2145.0,2175.0,2130.0,50461.0,6.0,6.0,2.0,2.0,2.0,
7,2024.04.24,2130.0,상승  5,2150.0,2155.0,2120.0,45416.0,7.0,7.0,3.0,3.0,3.0,
8,2024.04.23,2125.0,하락  45,2165.0,2170.0,2120.0,69536.0,8.0,8.0,4.0,4.0,4.0,
9,2024.04.22,2170.0,상승  90,2095.0,2175.0,2090.0,106237.0,9.0,9.0,5.0,5.0,5.0,
10,2024.04.19,2080.0,하락  25,2100.0,2110.0,2055.0,94901.0,10.0,10.0,6.0,6.0,6.0,
11,2024.04.18,2105.0,상승  25,2080.0,2110.0,2075.0,43099.0,11.0,11.0,7.0,7.0,7.0,
12,2024.04.17,2080.0,0.0,2060.0,2100.0,2060.0,104282.0,12.0,12.0,8.0,8.0,8.0,0.0
13,2024.04.16,2080.0,50.0,2110.0,2160.0,2080.0,110818.0,13.0,13.0,9.0,9.0,9.0,1.0
14,2024.04.15,2130.0,25.0,2140.0,2170.0,2090.0,174477.0,14.0,14.0,10.0,10.0,10.0,2.0
15,2024.04.12,2155.0,35.0,2190.0,2190.0,2155.0,99542.0,15.0,15.0,11.0,11.0,11.0,3.0
16,2024.04.11,2190.0,15.0,2195.0,2205.0,2175.0,66135.0,16.0,16.0,12.0,12.0,12.0,4.0
17,2024.04.09,2205.0,0.0,2195.0,2220.0,2195.0,69994.0,17.0,17.0,13.0,13.0,13.0,5.0
18,2024.04.08,2205.0,20.0,2230.0,2230.0,2195.0,70410.0,18.0,18.0,14.0,14.0,14.0,6.0
19,2024.04.05,2225.0,45.0,2250.0,2300.0,2220.0,102699.0,19.0,19.0,15.0,15.0,15.0,7.0
20,2024.04.04,2270.0,15.0,2280.0,2300.0,2265.0,68478.0,20.0,20.0,16.0,16.0,16.0,8.0
21,2024.04.03,2285.0,40.0,2330.0,2330.0,2285.0,114649.0,21.0,21.0,17.0,17.0,17.0,9.0
22,2024.04.02,2325.0,45.0,2355.0,2365.0,2315.0,117937.0,22.0,22.0,18.0,18.0,18.0,10.0
23,2024.04.01,2370.0,30.0,2340.0,2370.0,2320.0,94336.0,23.0,23.0,19.0,19.0,19.0,11.0
24,2024.03.29,2340.0,20.0,2360.0,2365.0,2335.0,100875.0,24.0,24.0,20.0,20.0,20.0,12.0
25,2024.03.28,2360.0,10.0,2355.0,2380.0,2345.0,67622.0,25.0,25.0,21.0,21.0,21.0,13.0
26,2024.03.27,2370.0,5.0,2350.0,2380.0,2350.0,44709.0,26.0,26.0,22.0,22.0,22.0,14.0
27,2024.03.26,2365.0,10.0,2370.0,2390.0,2350.0,122718.0,27.0,27.0,23.0,23.0,23.0,15.0
28,2024.03.25,2375.0,10.0,2365.0,2390.0,2360.0,107397.0,28.0,28.0,24.0,24.0,24.0,16.0
29,2024.03.22,2365.0,0.0,2345.0,2370.0,2335.0,46081.0,29.0,29.0,25.0,25.0,25.0,17.0
30,2024.03.21,2365.0,20.0,2345.0,2380.0,2335.0,101907.0,30.0,30.0,26.0,26.0,26.0,18.0
31,2024.03.20,2345.0,15.0,2360.0,2370.0,2335.0,64619.0,31.0,31.0,27.0,27.0,27.0,19.0
32,2024.03.19,2360.0,10.0,2350.0,2360.0,2325.0,75593.0,32.0,32.0,28.0,28.0,28.0,20.0
33,2024.03.18,2350.0,10.0,2355.0,2360.0,2335.0,39555.0,33.0,33.0,29.0,29.0,29.0,21.0
34,2024.03.15,2360.0,5.0,2360.0,2365.0,2325.0,99218.0,34.0,34.0,30.0,30.0,30.0,22.0
35,2024.03.14,2365.0,15.0,2360.0,2380.0,2355.0,54906.0,35.0,35.0,31.0,31.0,31.0,23.0
36,2024.03.13,2380.0,15.0,2365.0,2380.0,2340.0,96047.0,36.0,36.0,32.0,32.0,32.0,24.0
37,2024.03.12,2365.0,15.0,2375.0,2380.0,2340.0,102278.0,37.0,37.0,33.0,33.0,33.0,25.0
38,2024.03.11,2380.0,30.0,2360.0,2395.0,2350.0,118968.0,38.0,38.0,34.0,34.0,34.0,26.0
39,2024.03.08,2350.0,25.0,2330.0,2385.0,2330.0,76835.0,39.0,39.0,35.0,35.0,35.0,27.0
40,2024.03.07,2325.0,0.0,2385.0,2400.0,2320.0,98126.0,40.0,40.0,36.0,36.0,36.0,28.0
41,2024.03.06,2325.0,50.0,2370.0,2395.0,2320.0,188233.0,41.0,41.0,37.0,37.0,37.0,29.0
42,2024.03.05,2375.0,40.0,2420.0,2450.0,2350.0,247871.0,42.0,42.0,38.0,38.0,38.0,30.0
43,2024.03.04,2415.0,75.0,2475.0,2495.0,2400.0,412699.0,43.0,43.0,39.0,39.0,39.0,31.0
44,2024.02.29,2490.0,15.0,2460.0,2490.0,2455.0,91440.0,44.0,44.0,40.0,40.0,40.0,32.0
45,2024.02.28,2475.0,0.0,2480.0,2500.0,2460.0,90377.0,45.0,45.0,41.0,41.0,41.0,33.0
46,2024.02.27,2475.0,10.0,2470.0,2500.0,2450.0,154961.0,46.0,46.0,42.0,42.0,42.0,34.0
47,2024.02.26,2485.0,5.0,2500.0,2510.0,2475.0,96188.0,47.0,47.0,43.0,43.0,43.0,35.0
48,2024.02.23,2490.0,40.0,2535.0,2545.0,2485.0,216181.0,48.0,48.0,44.0,44.0,44.0,36.0
49,2024.02.22,2530.0,5.0,2520.0,2580.0,2500.0,376679.0,49.0,49.0,45.0,45.0,45.0,37.0
50,2024.02.21,2525.0,5.0,2530.0,2780.0,2495.0,3254507.0,50.0,50.0,46.0,46.0,46.0,38.0
51,2024.02.20,2530.0,20.0,2485.0,2530.0,2485.0,216043.0,51.0,51.0,47.0,47.0,47.0,39.0
52,2024.02.19,2510.0,30.0,2480.0,2525.0,2470.0,149706.0,52.0,52.0,48.0,48.0,48.0,40.0
53,2024.02.16,2480.0,15.0,2490.0,2500.0,2470.0,94587.0,53.0,53.0,49.0,49.0,49.0,41.0
54,2024.02.15,2495.0,10.0,2500.0,2500.0,2470.0,76806.0,54.0,54.0,50.0,50.0,50.0,42.0
55,2024.02.14,2485.0,10.0,2440.0,2485.0,2440.0,82888.0,55.0,55.0,51.0,51.0,51.0,43.0
56,2024.02.13,2475.0,15.0,2460.0,2480.0,2455.0,72276.0,56.0,56.0,52.0,52.0,52.0,44.0
57,2024.02.08,2460.0,20.0,2465.0,2490.0,2455.0,104700.0,57.0,57.0,53.0,53.0,53.0,45.0
58,2024.02.07,2480.0,5.0,2475.0,2495.0,2470.0,79466.0,58.0,58.0,54.0,54.0,54.0,46.0
59,2024.02.06,2475.0,0.0,2480.0,2520.0,2470.0,155507.0,59.0,59.0,55.0,55.0,55.0,47.0
60,2024.02.05,2475.0,20.0,2520.0,2520.0,2460.0,120069.0,60.0,60.0,56.0,56.0,56.0,48.0
61,2024.02.02,2495.0,5.0,2490.0,2520.0,2485.0,168158.0,61.0,61.0,57.0,57.0,57.0,49.0
62,2024.02.01,2500.0,25.0,2475.0,2510.0,2460.0,131977.0,62.0,62.0,58.0,58.0,58.0,50.0
63,2024.01.31,2475.0,15.0,2490.0,2510.0,2465.0,101377.0,63.0,63.0,59.0,59.0,59.0,51.0
64,2024.01.30,2490.0,10.0,2495.0,2540.0,2490.0,135905.0,64.0,64.0,60.0,60.0,60.0,52.0
65,2024.01.29,2480.0,30.0,2510.0,2535.0,2470.0,143272.0,65.0,65.0,61.0,61.0,61.0,53.0
66,2024.01.26,2510.0,15.0,2525.0,2550.0,2505.0,79927.0,66.0,66.0,62.0,62.0,62.0,54.0
67,2024.01.25,2525.0,40.0,2570.0,2595.0,2520.0,71273.0,67.0,67.0,63.0,63.0,63.0,55.0
68,2024.01.24,2565.0,5.0,2560.0,2610.0,2505.0,174205.0,68.0,68.0,64.0,64.0,64.0,56.0
69,2024.01.23,2560.0,15.0,2585.0,2595.0,2535.0,120477.0,69.0,69.0,65.0,65.0,65.0,57.0
70,2024.01.22,2575.0,25.0,2625.0,2625.0,2575.0,148073.0,70.0,70.0,66.0,66.0,66.0,58.0
71,2024.01.19,2600.0,70.0,2515.0,2620.0,2515.0,404783.0,71.0,71.0,67.0,67.0,67.0,59.0
72,2024.01.18,2530.0,110.0,2450.0,2540.0,2450.0,286221.0,72.0,72.0,68.0,68.0,68.0,60.0
73,2024.01.17,2420.0,60.0,2475.0,2480.0,2410.0,214390.0,73.0,73.0,69.0,69.0,69.0,61.0
74,2024.01.16,2480.0,10.0,2465.0,2500.0,2460.0,199983.0,74.0,74.0,70.0,70.0,70.0,62.0
75,2024.01.15,2490.0,15.0,2500.0,2520.0,2480.0,120224.0,75.0,75.0,71.0,71.0,71.0,63.0
76,2024.01.12,2505.0,70.0,2575.0,2590.0,2505.0,368533.0,76.0,76.0,72.0,72.0,72.0,64.0
77,2024.01.11,2575.0,10.0,2590.0,2625.0,2570.0,299823.0,77.0,77.0,73.0,73.0,73.0,65.0
78,2024.01.10,2585.0,30.0,2620.0,2620.0,2585.0,93974.0,78.0,78.0,74.0,74.0,74.0,66.0
79,2024.01.09,2615.0,0.0,2645.0,2645.0,2580.0,228554.0,79.0,79.0,75.0,75.0,75.0,67.0
80,2024.01.08,2615.0,0.0,2615.0,2650.0,2605.0,186161.0,80.0,80.0,76.0,76.0,76.0,68.0
81,2024.01.05,2615.0,5.0,2610.0,2620.0,2555.0,165453.0,81.0,81.0,77.0,77.0,77.0,69.0
82,2024.01.04,2610.0,10.0,2650.0,2650.0,2585.0,161242.0,82.0,82.0,78.0,78.0,78.0,70.0
83,2024.01.03,2620.0,35.0,2570.0,2655.0,2560.0,417977.0,83.0,83.0,79.0,79.0,79.0,71.0
84,2024.01.02,2585.0,25.0,2570.0,2590.0,2560.0,112918.0,84.0,84.0,80.0,80.0,80.0,72.0
85,2023.12.28,2560.0,15.0,2560.0,2570.0,2530.0,120793.0,85.0,85.0,81.0,81.0,81.0,73.0
86,2023.12.27,2545.0,35.0,2555.0,2580.0,2535.0,112832.0,86.0,86.0,82.0,82.0,82.0,74.0
87,2023.12.26,2580.0,10.0,2600.0,2600.0,2570.0,198993.0,87.0,87.0,83.0,83.0,83.0,75.0
88,2023.12.22,2590.0,15.0,2600.0,2610.0,2575.0,132123.0,88.0,88.0,84.0,84.0,84.0,76.0
89,2023.12.21,2605.0,0.0,2600.0,2610.0,2575.0,172743.0,89.0,89.0,85.0,85.0,85.0,77.0
90,2023.12.20,2605.0,40.0,2570.0,2615.0,2555.0,238626.0,90.0,90.0,86.0,86.0,86.0,78.0
91,2023.12.19,2565.0,15.0,2550.0,2575.0,2540.0,117112.0,91.0,91.0,87.0,87.0,87.0,79.0
92,2023.12.18,2550.0,5.0,2550.0,2570.0,2530.0,135698.0,92.0,92.0,88.0,88.0,88.0,80.0
93,2023.12.15,2545.0,50.0,2580.0,2610.0,2545.0,197689.0,93.0,93.0,89.0,89.0,89.0,81.0
94,2023.12.14,2595.0,15.0,2580.0,2620.0,2535.0,234422.0,94.0,94.0,90.0,90.0,90.0,82.0
95,2023.12.13,2580.0,50.0,2630.0,2635.0,2580.0,251922.0,95.0,95.0,91.0,91.0,91.0,83.0
96,2023.12.12,2630.0,45.0,2680.0,2695.0,2630.0,260366.0,96.0,96.0,92.0,92.0,92.0,84.0
97,2023.12.11,2675.0,20.0,2660.0,2775.0,2660.0,583335.0,97.0,97.0,93.0,93.0,93.0,85.0
98,2023.12.08,2655.0,65.0,2645.0,2700.0,2570.0,550673.0,98.0,98.0,94.0,94.0,94.0,86.0
99,2023.12.07,2720.0,15.0,2740.0,2750.0,2695.0,315829.0,99.0,99.0,95.0,95.0,95.0,87.0
100,2023.12.06,2735.0,75.0,2680.0,2740.0,2680.0,333271.0,100.0,100.0,96.0,96.0,96.0,88.0
101,2023.12.05,2660.0,50.0,2710.0,2755.0,2630.0,398011.0,101.0,101.0,97.0,97.0,97.0,89.0
102,2023.12.04,2710.0,20.0,2700.0,2755.0,2670.0,324540.0,102.0,102.0,98.0,98.0,98.0,90.0
103,2023.12.01,2690.0,50.0,2710.0,2760.0,2690.0,330874.0,103.0,103.0,99.0,99.0,99.0,91.0
104,2023.11.30,2740.0,40.0,2720.0,2755.0,2690.0,491958.0,104.0,104.0,100.0,100.0,100.0,92.0
105,2023.11.29,2700.0,20.0,2700.0,2875.0,2675.0,2800934.0,105.0,105.0,101.0,101.0,101.0,93.0
106,2023.11.28,2720.0,85.0,2635.0,2825.0,2630.0,1928376.0,106.0,106.0,102.0,102.0,102.0,94.0
107,2023.11.27,2635.0,10.0,2620.0,2740.0,2620.0,1421171.0,107.0,107.0,103.0,103.0,103.0,95.0
108,2023.11.24,2625.0,25.0,2670.0,2675.0,2600.0,271033.0,108.0,108.0,104.0,104.0,104.0,96.0
109,2023.11.23,2650.0,5.0,2670.0,2685.0,2610.0,483518.0,109.0,109.0,105.0,105.0,105.0,97.0
110,2023.11.22,2655.0,50.0,2575.0,2660.0,2570.0,550675.0,110.0,110.0,106.0,106.0,106.0,98.0
111,2023.11.21,2605.0,65.0,2565.0,2690.0,2565.0,1506133.0,111.0,111.0,107.0,107.0,107.0,99.0
112,2023.11.20,2540.0,0.0,2515.0,2585.0,2500.0,836859.0,112.0,112.0,108.0,108.0,108.0,100.0
113,2023.11.17,2540.0,115.0,2655.0,2660.0,2520.0,1733966.0,113.0,113.0,109.0,109.0,109.0,101.0
114,2023.11.16,2655.0,60.0,2680.0,2900.0,2640.0,12363327.0,114.0,114.0,110.0,110.0,110.0,102.0
115,2023.11.15,2715.0,190.0,2540.0,2945.0,2540.0,9795409.0,115.0,115.0,111.0,111.0,111.0,103.0
116,2023.11.14,2525.0,25.0,2480.0,2550.0,2480.0,102113.0,116.0,116.0,112.0,112.0,112.0,104.0
117,2023.11.13,2500.0,55.0,2555.0,2575.0,2495.0,198078.0,117.0,117.0,113.0,113.0,113.0,105.0
118,2023.11.10,2555.0,10.0,2530.0,2565.0,2495.0,151123.0,118.0,118.0,114.0,114.0,114.0,106.0
119,2023.11.09,2545.0,25.0,2560.0,2585.0,2515.0,156625.0,119.0,119.0,115.0,115.0,115.0,107.0
120,2023.11.08,2570.0,70.0,2490.0,2585.0,2490.0,359873.0,120.0,120.0,116.0,116.0,116.0,108.0
121,2023.11.07,2500.0,50.0,2470.0,2515.0,2445.0,295247.0,121.0,121.0,117.0,117.0,117.0,109.0
122,2023.11.06,2550.0,40.0,2520.0,2550.0,2490.0,341091.0,122.0,122.0,118.0,118.0,118.0,110.0
123,2023.11.03,2510.0,20.0,2540.0,2575.0,2510.0,605819.0,123.0,123.0,119.0,119.0,119.0,111.0
124,2023.11.02,2490.0,5.0,2515.0,2550.0,2465.0,420233.0,124.0,124.0,120.0,120.0,120.0,112.0
125,2023.11.01,2485.0,50.0,2425.0,2485.0,2400.0,156769.0,125.0,125.0,121.0,121.0,121.0,113.0
126,2023.10.31,2435.0,35.0,2415.0,2485.0,2410.0,314608.0,126.0,126.0,122.0,122.0,122.0,114.0
127,2023.10.30,2400.0,10.0,2435.0,2435.0,2375.0,123613.0,127.0,127.0,123.0,123.0,123.0,115.0
128,2023.10.27,2410.0,30.0,2500.0,2590.0,2405.0,1066904.0,128.0,128.0,124.0,124.0,124.0,116.0
129,2023.10.26,2380.0,65.0,2390.0,2485.0,2375.0,228027.0,129.0,129.0,125.0,125.0,125.0,117.0
130,2023.10.25,2445.0,45.0,2400.0,2460.0,2370.0,156522.0,130.0,130.0,126.0,126.0,126.0,118.0
131,2023.10.24,2400.0,70.0,2365.0,2405.0,2315.0,174642.0,131.0,131.0,127.0,127.0,127.0,119.0
132,2023.10.23,2330.0,10.0,2310.0,2365.0,2300.0,170975.0,132.0,132.0,128.0,128.0,128.0,120.0
133,2023.10.20,2340.0,85.0,2425.0,2435.0,2295.0,413651.0,133.0,133.0,129.0,129.0,129.0,121.0
134,2023.10.19,2425.0,40.0,2460.0,2500.0,2415.0,379763.0,134.0,134.0,130.0,130.0,130.0,122.0
135,2023.10.18,2465.0,20.0,2500.0,2520.0,2465.0,245871.0,135.0,135.0,131.0,131.0,131.0,123.0
136,2023.10.17,2485.0,100.0,2395.0,2550.0,2395.0,1031387.0,136.0,136.0,132.0,132.0,132.0,124.0
137,2023.10.16,2385.0,45.0,2420.0,2460.0,2370.0,401685.0,137.0,137.0,133.0,133.0,133.0,125.0
138,2023.10.13,2430.0,30.0,2400.0,2430.0,2375.0,373526.0,138.0,138.0,134.0,134.0,134.0,126.0
139,2023.10.12,2400.0,5.0,2385.0,2515.0,2365.0,2057507.0,139.0,139.0,135.0,135.0,135.0,127.0
140,2023.10.11,2395.0,80.0,2325.0,2610.0,2325.0,6136829.0,140.0,140.0,136.0,136.0,136.0,128.0
141,2023.10.10,2315.0,65.0,2380.0,2395.0,2310.0,113476.0,141.0,141.0,137.0,137.0,137.0,129.0
142,2023.10.06,2380.0,60.0,2300.0,2390.0,2300.0,94269.0,142.0,142.0,138.0,138.0,138.0,130.0
143,2023.10.05,2320.0,40.0,2360.0,2365.0,2315.0,176297.0,143.0,143.0,139.0,139.0,139.0,131.0
144,2023.10.04,2360.0,40.0,2375.0,2395.0,2320.0,128740.0,144.0,144.0,140.0,140.0,140.0,132.0
145,2023.09.27,2400.0,30.0,2365.0,2400.0,2330.0,132517.0,145.0,145.0,141.0,141.0,141.0,133.0
146,2023.09.26,2370.0,5.0,2350.0,2480.0,2330.0,319538.0,146.0,146.0,142.0,142.0,142.0,134.0
147,2023.09.25,2375.0,90.0,2465.0,2480.0,2370.0,326196.0,147.0,147.0,143.0,143.0,143.0,135.0
148,2023.09.22,2465.0,65.0,2490.0,2535.0,2425.0,646066.0,148.0,148.0,144.0,144.0,144.0,136.0
149,2023.09.21,2530.0,45.0,2545.0,2645.0,2525.0,668211.0,149.0,149.0,145.0,145.0,145.0,137.0
150,2023.09.20,2575.0,45.0,2530.0,2635.0,2510.0,1438625.0,150.0,150.0,146.0,146.0,146.0,138.0
151,2023.09.19,2530.0,20.0,2500.0,2550.0,2500.0,332529.0,151.0,151.0,147.0,147.0,147.0,139.0
152,2023.09.18,2510.0,25.0,2490.0,2560.0,2480.0,540581.0,152.0,152.0,148.0,148.0,148.0,140.0
153,2023.09.15,2485.0,40.0,2530.0,2560.0,2485.0,480080.0,153.0,153.0,149.0,149.0,149.0,141.0
154,2023.09.14,2525.0,55.0,2470.0,2855.0,2470.0,5926612.0,154.0,154.0,150.0,150.0,150.0,142.0
155,2023.09.13,2470.0,30.0,2500.0,2525.0,2455.0,175441.0,155.0,155.0,151.0,151.0,151.0,143.0
156,2023.09.12,2500.0,5.0,2505.0,2545.0,2455.0,176193.0,156.0,156.0,152.0,152.0,152.0,144.0
157,2023.09.11,2505.0,5.0,2505.0,2515.0,2465.0,133038.0,157.0,157.0,153.0,153.0,153.0,145.0
158,2023.09.08,2500.0,65.0,2435.0,2510.0,2435.0,173059.0,158.0,158.0,154.0,154.0,154.0,146.0
159,2023.09.07,2435.0,60.0,2450.0,2485.0,2435.0,161550.0,159.0,159.0,155.0,155.0,155.0,147.0
160,2023.09.06,2495.0,10.0,2505.0,2540.0,2445.0,301847.0,160.0,160.0,156.0,156.0,156.0,148.0
161,2023.09.05,2505.0,45.0,2495.0,2580.0,2470.0,606344.0,161.0,161.0,157.0,157.0,157.0,149.0
162,2023.09.04,2460.0,35.0,2495.0,2495.0,2435.0,204734.0,162.0,162.0,158.0,158.0,158.0,150.0
163,2023.09.01,2495.0,40.0,2490.0,2520.0,2430.0,432349.0,163.0,163.0,159.0,159.0,159.0,151.0
164,2023.08.31,2455.0,0.0,2455.0,2530.0,2435.0,959825.0,164.0,164.0,160.0,160.0,160.0,152.0
165,2023.08.30,2455.0,25.0,2410.0,2465.0,2395.0,986448.0,165.0,165.0,161.0,161.0,161.0,153.0
166,2023.08.29,2430.0,105.0,2320.0,2750.0,2315.0,12194412.0,166.0,166.0,162.0,162.0,162.0,154.0
167,2023.08.28,2325.0,35.0,2290.0,2330.0,2275.0,108794.0,167.0,167.0,163.0,163.0,163.0,155.0
168,2023.08.25,2290.0,5.0,2295.0,2315.0,2265.0,115211.0,168.0,168.0,164.0,164.0,164.0,156.0
169,2023.08.24,2295.0,10.0,2265.0,2310.0,2255.0,281777.0,169.0,169.0,165.0,165.0,165.0,157.0
170,2023.08.23,2285.0,20.0,2280.0,2315.0,2275.0,67216.0,170.0,170.0,166.0,166.0,166.0,158.0
171,2023.08.22,2305.0,10.0,2295.0,2330.0,2280.0,96358.0,171.0,171.0,167.0,167.0,167.0,159.0
172,2023.08.21,2295.0,0.0,2270.0,2345.0,2270.0,147267.0,172.0,172.0,168.0,168.0,168.0,160.0
173,2023.08.18,2295.0,20.0,2275.0,2305.0,2260.0,173504.0,173.0,173.0,169.0,169.0,169.0,161.0
174,2023.08.17,2315.0,40.0,2350.0,2400.0,2250.0,220062.0,174.0,174.0,170.0,170.0,170.0,162.0
175,2023.08.16,2355.0,30.0,2385.0,2390.0,2300.0,177746.0,175.0,175.0,171.0,171.0,171.0,163.0
176,2023.08.14,2385.0,30.0,2415.0,2420.0,2320.0,105640.0,176.0,176.0,172.0,172.0,172.0,164.0
177,2023.08.11,2415.0,20.0,2395.0,2440.0,2395.0,68183.0,177.0,177.0,173.0,173.0,173.0,165.0
178,2023.08.10,2395.0,20.0,2375.0,2410.0,2350.0,156422.0,178.0,178.0,174.0,174.0,174.0,166.0
179,2023.08.09,2375.0,15.0,2355.0,2400.0,2350.0,70664.0,179.0,179.0,175.0,175.0,175.0,167.0
180,2023.08.08,2360.0,130.0,2460.0,2460.0,2350.0,283221.0,180.0,180.0,176.0,176.0,176.0,168.0
181,2023.08.07,2490.0,50.0,2430.0,2505.0,2415.0,243690.0,181.0,181.0,177.0,177.0,177.0,169.0
182,2023.08.04,2440.0,50.0,2390.0,2445.0,2380.0,156803.0,182.0,182.0,178.0,178.0,178.0,170.0
183,2023.08.03,2390.0,30.0,2355.0,2400.0,2340.0,150735.0,183.0,183.0,179.0,179.0,179.0,171.0
184,2023.08.02,2360.0,50.0,2410.0,2425.0,2320.0,223759.0,184.0,184.0,180.0,180.0,180.0,172.0
185,2023.08.01,2410.0,30.0,2365.0,2415.0,2300.0,158282.0,185.0,185.0,181.0,181.0,181.0,173.0
186,2023.07.31,2380.0,60.0,2315.0,2390.0,2315.0,148846.0,186.0,186.0,182.0,182.0,182.0,174.0
187,2023.07.28,2320.0,5.0,2290.0,2345.0,2290.0,178554.0,187.0,187.0,183.0,183.0,183.0,175.0
188,2023.07.27,2315.0,80.0,2240.0,2355.0,2240.0,202735.0,188.0,188.0,184.0,184.0,184.0,176.0
189,2023.07.26,2235.0,75.0,2295.0,2345.0,2200.0,403804.0,189.0,189.0,185.0,185.0,185.0,177.0
190,2023.07.25,2310.0,85.0,2375.0,2390.0,2310.0,280866.0,190.0,190.0,186.0,186.0,186.0,178.0
191,2023.07.24,2395.0,35.0,2425.0,2425.0,2360.0,251652.0,191.0,191.0,187.0,187.0,187.0,179.0
192,2023.07.21,2430.0,5.0,2415.0,2435.0,2360.0,190380.0,192.0,192.0,188.0,188.0,188.0,180.0
193,2023.07.20,2435.0,35.0,2470.0,2475.0,2420.0,158032.0,193.0,193.0,189.0,189.0,189.0,181.0
194,2023.07.19,2470.0,30.0,2475.0,2505.0,2465.0,101150.0,194.0,194.0,190.0,190.0,190.0,182.0
195,2023.07.18,2500.0,0.0,2535.0,2535.0,2480.0,97439.0,195.0,195.0,191.0,191.0,191.0,183.0
196,2023.07.17,2500.0,35.0,2550.0,2570.0,2485.0,210214.0,196.0,196.0,192.0,192.0,192.0,184.0
197,2023.07.14,2535.0,20.0,2515.0,2555.0,2470.0,250982.0,197.0,197.0,193.0,193.0,193.0,185.0
198,2023.07.13,2515.0,10.0,2510.0,2595.0,2510.0,297769.0,198.0,198.0,194.0,194.0,194.0,186.0
199,2023.07.12,2505.0,20.0,2555.0,2560.0,2490.0,250744.0,199.0,199.0,195.0,195.0,195.0,187.0
200,2023.07.11,2525.0,170.0,2390.0,2525.0,2380.0,493324.0,200.0,200.0,196.0,196.0,196.0,188.0
201,2023.07.10,2355.0,125.0,2480.0,2505.0,2355.0,640962.0,201.0,201.0,197.0,197.0,197.0,189.0
202,2023.07.07,2480.0,35.0,2515.0,2555.0,2455.0,277105.0,202.0,202.0,198.0,198.0,198.0,190.0
203,2023.07.06,2515.0,100.0,2615.0,2615.0,2480.0,556774.0,203.0,203.0,199.0,199.0,199.0,191.0
204,2023.07.05,2615.0,85.0,2700.0,2700.0,2610.0,690215.0,204.0,204.0,200.0,200.0,200.0,192.0
205,2023.07.04,2700.0,30.0,2995.0,3010.0,2700.0,3823548.0,205.0,205.0,201.0,201.0,201.0,193.0
206,2023.07.03,2670.0,30.0,2700.0,2940.0,2620.0,2320830.0,206.0,206.0,202.0,202.0,202.0,194.0
207,2023.06.30,2700.0,25.0,2670.0,2720.0,2615.0,145195.0,207.0,207.0,203.0,203.0,203.0,195.0
208,2023.06.29,2675.0,30.0,2690.0,2725.0,2640.0,128229.0,208.0,208.0,204.0,204.0,204.0,196.0
209,2023.06.28,2705.0,10.0,2740.0,2745.0,2690.0,117259.0,209.0,209.0,205.0,205.0,205.0,197.0
210,2023.06.27,2715.0,25.0,2740.0,2765.0,2685.0,141539.0,210.0,210.0,206.0,206.0,206.0,198.0
211,2023.06.26,2740.0,40.0,2765.0,2790.0,2665.0,267599.0,211.0,211.0,207.0,207.0,207.0,199.0
212,2023.06.23,2780.0,30.0,2800.0,2800.0,2750.0,194583.0,212.0,212.0,208.0,208.0,208.0,200.0
213,2023.06.22,2810.0,40.0,2770.0,2895.0,2755.0,758690.0,213.0,213.0,209.0,209.0,209.0,201.0
214,2023.06.21,2770.0,40.0,2755.0,2910.0,2685.0,1101993.0,214.0,214.0,210.0,210.0,210.0,202.0
215,2023.06.20,2730.0,45.0,2785.0,2800.0,2715.0,270005.0,215.0,215.0,211.0,211.0,211.0,203.0
216,2023.06.19,2775.0,40.0,2815.0,2820.0,2735.0,236388.0,216.0,216.0,212.0,212.0,212.0,204.0
217,2023.06.16,2815.0,40.0,2775.0,2820.0,2765.0,133552.0,217.0,217.0,213.0,213.0,213.0,205.0
218,2023.06.15,2775.0,50.0,2825.0,2855.0,2750.0,288005.0,218.0,218.0,214.0,214.0,214.0,206.0
219,2023.06.14,2825.0,110.0,2935.0,2950.0,2800.0,568838.0,219.0,219.0,215.0,215.0,215.0,207.0
220,2023.06.13,2935.0,55.0,3030.0,3030.0,2920.0,301528.0,220.0,220.0,216.0,216.0,216.0,208.0
221,2023.06.12,2990.0,15.0,3030.0,3030.0,2975.0,220936.0,221.0,221.0,217.0,217.0,217.0,209.0
222,2023.06.09,3005.0,5.0,3005.0,3055.0,2980.0,262796.0,222.0,222.0,218.0,218.0,218.0,210.0
223,2023.06.08,3000.0,10.0,2990.0,3050.0,2970.0,316386.0,223.0,223.0,219.0,219.0,219.0,211.0
224,2023.06.07,2990.0,25.0,3020.0,3040.0,2985.0,367129.0,224.0,224.0,220.0,220.0,220.0,212.0
225,2023.06.05,3015.0,10.0,3005.0,3030.0,2995.0,136719.0,225.0,225.0,221.0,221.0,221.0,213.0
226,2023.06.02,3005.0,25.0,3035.0,3055.0,2995.0,203242.0,226.0,226.0,222.0,222.0,222.0,214.0
227,2023.06.01,3030.0,10.0,3045.0,3120.0,3010.0,340377.0,227.0,227.0,223.0,223.0,223.0,215.0
228,2023.05.31,3020.0,5.0,3020.0,3100.0,3000.0,217523.0,228.0,228.0,224.0,224.0,224.0,216.0
229,2023.05.30,3025.0,0.0,2990.0,3040.0,2980.0,153120.0,229.0,229.0,225.0,225.0,225.0,217.0
230,2023.05.26,3025.0,15.0,3050.0,3065.0,2990.0,262122.0,230.0,230.0,226.0,226.0,226.0,218.0
231,2023.05.25,3040.0,30.0,3045.0,3110.0,3030.0,257374.0,231.0,231.0,227.0,227.0,227.0,219.0
232,2023.05.24,3070.0,100.0,3210.0,3270.0,3055.0,866976.0,232.0,232.0,228.0,228.0,228.0,220.0
233,2023.05.23,3170.0,95.0,3080.0,3195.0,3065.0,546248.0,233.0,233.0,229.0,229.0,229.0,221.0
234,2023.05.22,3075.0,15.0,3095.0,3110.0,3030.0,158503.0,234.0,234.0,230.0,230.0,230.0,222.0
235,2023.05.19,3090.0,50.0,3040.0,3090.0,3005.0,223107.0,235.0,235.0,231.0,231.0,231.0,223.0
236,2023.05.18,3040.0,35.0,3010.0,3060.0,2985.0,185970.0,236.0,236.0,232.0,232.0,232.0,224.0
237,2023.05.17,3005.0,35.0,2970.0,3175.0,2950.0,553928.0,237.0,237.0,233.0,233.0,233.0,225.0
238,2023.05.16,2970.0,30.0,2950.0,3025.0,2945.0,316355.0,238.0,238.0,234.0,234.0,234.0,226.0
239,2023.05.15,2940.0,45.0,2950.0,3010.0,2935.0,160578.0,239.0,239.0,235.0,235.0,235.0,227.0
240,2023.05.12,2985.0,60.0,3015.0,3110.0,2965.0,308108.0,240.0,240.0,236.0,236.0,236.0,228.0
241,2023.05.11,3045.0,45.0,3025.0,3105.0,2805.0,691414.0,241.0,241.0,237.0,237.0,237.0,229.0
242,2023.05.10,3000.0,90.0,2910.0,3050.0,2850.0,1885521.0,242.0,242.0,238.0,238.0,238.0,230.0
243,2023.05.09,3090.0,5.0,3095.0,3105.0,3035.0,698654.0,243.0,243.0,239.0,239.0,239.0,231.0
244,2023.05.08,3095.0,30.0,3220.0,3540.0,3095.0,2935112.0,244.0,244.0,240.0,240.0,240.0,232.0
245,2023.05.04,3125.0,5.0,3120.0,3150.0,3060.0,111479.0,245.0,245.0,241.0,241.0,241.0,233.0
246,2023.05.03,3120.0,40.0,3075.0,3160.0,3075.0,297853.0,246.0,246.0,242.0,242.0,242.0,234.0
247,2023.05.02,3160.0,65.0,3095.0,3175.0,3035.0,265321.0,247.0,247.0,243.0,243.0,243.0,235.0
248,2023.04.28,3095.0,40.0,3135.0,3190.0,3060.0,280209.0,248.0,248.0,244.0,244.0,244.0,236.0
249,2023.04.27,3135.0,20.0,3155.0,3200.0,3095.0,227393.0,249.0,249.0,245.0,245.0,245.0,237.0
250,2023.04.26,3155.0,5.0,3115.0,3200.0,3080.0,354070.0,250.0,250.0,246.0,246.0,246.0,238.0
251,2023.04.25,3160.0,80.0,3190.0,3250.0,3080.0,426154.0,251.0,251.0,247.0,247.0,247.0,239.0
252,2023.04.24,3240.0,85.0,3320.0,3320.0,3160.0,485880.0,252.0,252.0,248.0,248.0,248.0,240.0
253,2023.04.21,3325.0,25.0,3360.0,3365.0,3225.0,667336.0,253.0,253.0,249.0,249.0,249.0,241.0
254,2023.04.20,3300.0,155.0,3465.0,3465.0,3270.0,963730.0,254.0,254.0,250.0,250.0,250.0,242.0
255,2023.04.19,3455.0,15.0,3460.0,3545.0,3425.0,895297.0,255.0,255.0,251.0,251.0,251.0,243.0
256,2023.04.18,3470.0,10.0,3465.0,3530.0,3380.0,1093893.0,256.0,256.0,252.0,252.0,252.0,244.0
257,2023.04.17,3460.0,40.0,3385.0,3530.0,3260.0,1755621.0,257.0,257.0,253.0,253.0,253.0,245.0
258,2023.04.14,3420.0,140.0,3320.0,3580.0,3240.0,7863409.0,258.0,258.0,254.0,254.0,254.0,246.0
259,2023.04.13,3280.0,255.0,3060.0,3335.0,3015.0,3086862.0,259.0,259.0,255.0,255.0,255.0,247.0
260,2023.04.12,3025.0,55.0,2975.0,3060.0,2930.0,355163.0,260.0,260.0,256.0,256.0,256.0,248.0
261,2023.04.11,2970.0,35.0,3005.0,3005.0,2915.0,293651.0,261.0,261.0,257.0,257.0,257.0,249.0
262,2023.04.10,3005.0,50.0,3055.0,3055.0,2965.0,354816.0,262.0,262.0,258.0,258.0,258.0,250.0
263,2023.04.07,3055.0,5.0,3095.0,3095.0,3005.0,444869.0,263.0,263.0,259.0,259.0,259.0,251.0
264,2023.04.06,3060.0,50.0,3195.0,3195.0,3055.0,567309.0,264.0,264.0,260.0,260.0,260.0,252.0
265,2023.04.05,3110.0,15.0,3125.0,3155.0,3075.0,381865.0,265.0,265.0,261.0,261.0,261.0,253.0
266,2023.04.04,3125.0,55.0,3070.0,3150.0,3030.0,500518.0,266.0,266.0,262.0,262.0,262.0,254.0
267,2023.04.03,3070.0,70.0,3000.0,3090.0,3000.0,414546.0,267.0,267.0,263.0,263.0,263.0,255.0
268,2023.03.31,3000.0,35.0,3055.0,3080.0,2990.0,574000.0,268.0,268.0,264.0,264.0,264.0,256.0
269,2023.03.30,3035.0,130.0,3120.0,3150.0,3000.0,898712.0,269.0,269.0,265.0,265.0,265.0,257.0
270,2023.03.29,3165.0,175.0,2990.0,3220.0,2930.0,1858811.0,270.0,270.0,266.0,266.0,266.0,258.0
271,2023.03.28,2990.0,100.0,2900.0,3025.0,2885.0,534288.0,271.0,271.0,267.0,267.0,267.0,259.0
272,2023.03.27,2890.0,0.0,2890.0,2930.0,2815.0,315463.0,272.0,272.0,268.0,268.0,268.0,260.0
273,2023.03.24,2890.0,0.0,2875.0,2955.0,2875.0,401162.0,273.0,273.0,269.0,269.0,269.0,261.0
274,2023.03.23,2890.0,20.0,2860.0,2920.0,2800.0,437454.0,274.0,274.0,270.0,270.0,270.0,262.0
275,2023.03.22,2870.0,50.0,2945.0,2955.0,2840.0,515285.0,275.0,275.0,271.0,271.0,271.0,263.0
276,2023.03.21,2920.0,0.0,2920.0,2950.0,2870.0,247474.0,276.0,276.0,272.0,272.0,272.0,264.0
277,2023.03.20,2920.0,0.0,2940.0,3010.0,2885.0,430491.0,277.0,277.0,273.0,273.0,273.0,265.0
278,2023.03.17,2920.0,40.0,2940.0,2960.0,2870.0,878601.0,278.0,278.0,274.0,274.0,274.0,266.0
279,2023.03.16,2880.0,155.0,3000.0,3000.0,2780.0,2034600.0,279.0,279.0,275.0,275.0,275.0,267.0
280,2023.03.15,3035.0,150.0,2970.0,3250.0,2960.0,4928780.0,280.0,280.0,276.0,276.0,276.0,268.0
281,2023.03.14,2885.0,255.0,3135.0,3135.0,2855.0,1269359.0,281.0,281.0,277.0,277.0,277.0,269.0
282,2023.03.13,3140.0,20.0,3120.0,3150.0,3020.0,556261.0,282.0,282.0,278.0,278.0,278.0,270.0
283,2023.03.10,3160.0,140.0,3265.0,3270.0,3090.0,1169016.0,283.0,283.0,279.0,279.0,279.0,271.0
284,2023.03.09,3300.0,160.0,3185.0,3390.0,3125.0,3355742.0,284.0,284.0,280.0,280.0,280.0,272.0
285,2023.03.08,3140.0,105.0,3205.0,3220.0,3070.0,820760.0,285.0,285.0,281.0,281.0,281.0,273.0
286,2023.03.07,3245.0,125.0,3130.0,3250.0,3100.0,1228000.0,286.0,286.0,282.0,282.0,282.0,274.0
287,2023.03.06,3120.0,5.0,3155.0,3160.0,3010.0,759996.0,287.0,287.0,283.0,283.0,283.0,275.0
288,2023.03.03,3125.0,120.0,3015.0,3195.0,3010.0,1213121.0,288.0,288.0,284.0,284.0,284.0,276.0
289,2023.03.02,3005.0,25.0,2980.0,3050.0,2960.0,566940.0,289.0,289.0,285.0,285.0,285.0,277.0
290,2023.02.28,2980.0,75.0,3035.0,3045.0,2945.0,915028.0,290.0,290.0,286.0,286.0,286.0,278.0
291,2023.02.27,3055.0,65.0,3095.0,3140.0,2955.0,1069327.0,291.0,291.0,287.0,287.0,287.0,279.0
292,2023.02.24,3120.0,70.0,3215.0,3335.0,3085.0,2134701.0,292.0,292.0,288.0,288.0,288.0,280.0
293,2023.02.23,3190.0,110.0,3125.0,3435.0,3095.0,7957051.0,293.0,293.0,289.0,289.0,289.0,281.0
294,2023.02.22,3080.0,155.0,2900.0,3080.0,2850.0,2990648.0,294.0,294.0,290.0,290.0,290.0,282.0
295,2023.02.21,2925.0,125.0,2810.0,2945.0,2805.0,1181494.0,295.0,295.0,291.0,291.0,291.0,283.0
296,2023.02.20,2800.0,45.0,2780.0,2825.0,2740.0,315155.0,296.0,296.0,292.0,292.0,292.0,284.0
297,2023.02.17,2755.0,5.0,2720.0,2775.0,2685.0,361235.0,297.0,297.0,293.0,293.0,293.0,285.0
298,2023.02.16,2750.0,15.0,2730.0,2760.0,2725.0,287514.0,298.0,298.0,294.0,294.0,294.0,286.0
299,2023.02.15,2735.0,50.0,2785.0,2800.0,2700.0,562262.0,299.0,299.0,295.0,295.0,295.0,287.0
300,2023.02.14,2785.0,45.0,2800.0,2840.0,2765.0,793097.0,300.0,300.0,296.0,296.0,296.0,288.0
301,2023.02.13,2830.0,10.0,2840.0,2890.0,2800.0,1141154.0,301.0,301.0,297.0,297.0,297.0,289.0
302,2023.02.10,2840.0,175.0,2960.0,3000.0,2800.0,2659044.0,302.0,302.0,298.0,298.0,298.0,290.0
303,2023.02.09,3015.0,265.0,2750.0,3360.0,2705.0,22772836.0,303.0,303.0,299.0,299.0,299.0,291.0
304,2023.02.08,2750.0,85.0,2690.0,2750.0,2670.0,465026.0,304.0,304.0,300.0,300.0,300.0,292.0
305,2023.02.07,2665.0,0.0,2645.0,2740.0,2630.0,440385.0,305.0,305.0,301.0,301.0,301.0,293.0
306,2023.02.06,2665.0,15.0,2645.0,2665.0,2600.0,139185.0,306.0,306.0,302.0,302.0,302.0,294.0
307,2023.02.03,2650.0,0.0,2650.0,2690.0,2610.0,188152.0,307.0,307.0,303.0,303.0,303.0,295.0
308,2023.02.02,2650.0,0.0,2650.0,2740.0,2625.0,773647.0,308.0,308.0,304.0,304.0,304.0,296.0
309,2023.02.01,2650.0,100.0,2560.0,2685.0,2545.0,822570.0,309.0,309.0,305.0,305.0,305.0,297.0
310,2023.01.31,2550.0,40.0,2510.0,2660.0,2485.0,1114636.0,310.0,310.0,306.0,306.0,306.0,298.0
311,2023.01.30,2510.0,15.0,2495.0,2545.0,2480.0,146223.0,311.0,311.0,307.0,307.0,307.0,299.0
312,2023.01.27,2495.0,10.0,2535.0,2550.0,2465.0,603184.0,312.0,312.0,308.0,308.0,308.0,300.0
313,2023.01.26,2505.0,5.0,2495.0,2540.0,2495.0,101894.0,313.0,313.0,309.0,309.0,309.0,301.0
314,2023.01.25,2510.0,10.0,2505.0,2530.0,2470.0,198856.0,314.0,314.0,310.0,310.0,310.0,302.0
315,2023.01.20,2500.0,35.0,2465.0,2575.0,2460.0,824401.0,315.0,315.0,311.0,311.0,311.0,303.0
316,2023.01.19,2465.0,10.0,2440.0,2465.0,2420.0,106846.0,316.0,316.0,312.0,312.0,312.0,304.0
317,2023.01.18,2455.0,0.0,2460.0,2485.0,2440.0,144830.0,317.0,317.0,313.0,313.0,313.0,305.0
318,2023.01.17,2455.0,20.0,2435.0,2470.0,2420.0,198006.0,318.0,318.0,314.0,314.0,314.0,306.0
319,2023.01.16,2435.0,5.0,2410.0,2645.0,2410.0,1383063.0,319.0,319.0,315.0,315.0,315.0,307.0
320,2023.01.13,2430.0,5.0,2425.0,2435.0,2400.0,105200.0,320.0,320.0,316.0,316.0,316.0,308.0
321,2023.01.12,2425.0,10.0,2435.0,2460.0,2410.0,144468.0,321.0,321.0,317.0,317.0,317.0,309.0
322,2023.01.11,2435.0,10.0,2425.0,2460.0,2410.0,154448.0,322.0,322.0,318.0,318.0,318.0,310.0
323,2023.01.10,2425.0,0.0,2425.0,2435.0,2400.0,85926.0,323.0,323.0,319.0,319.0,319.0,311.0
324,2023.01.09,2425.0,50.0,2400.0,2440.0,2390.0,78190.0,324.0,324.0,320.0,320.0,320.0,312.0
325,2023.01.06,2375.0,10.0,2465.0,2495.0,2365.0,310478.0,325.0,325.0,321.0,321.0,321.0,313.0
326,2023.01.05,2365.0,15.0,2380.0,2430.0,2335.0,90227.0,326.0,326.0,322.0,322.0,322.0,314.0
327,2023.01.04,2380.0,10.0,2370.0,2385.0,2340.0,40867.0,327.0,327.0,323.0,323.0,323.0,315.0
328,2023.01.03,2370.0,5.0,2320.0,2380.0,2310.0,83194.0,328.0,328.0,324.0,324.0,324.0,316.0
329,2023.01.02,2365.0,35.0,2375.0,2410.0,2210.0,131639.0,329.0,329.0,325.0,325.0,325.0,317.0
330,2022.12.29,2400.0,70.0,2440.0,2465.0,2365.0,74192.0,330.0,330.0,326.0,326.0,326.0,318.0
331,2022.12.28,2470.0,25.0,2470.0,2485.0,2435.0,43473.0,331.0,331.0,327.0,327.0,327.0,319.0
332,2022.12.27,2495.0,35.0,2455.0,2495.0,2455.0,53686.0,332.0,332.0,328.0,328.0,328.0,320.0
333,2022.12.26,2460.0,5.0,2465.0,2475.0,2420.0,63527.0,333.0,333.0,329.0,329.0,329.0,321.0
334,2022.12.23,2465.0,50.0,2510.0,2515.0,2445.0,57476.0,334.0,334.0,330.0,330.0,330.0,322.0
335,2022.12.22,2515.0,35.0,2485.0,2515.0,2450.0,62977.0,335.0,335.0,331.0,331.0,331.0,323.0
336,2022.12.21,2480.0,10.0,2490.0,2490.0,2445.0,34814.0,336.0,336.0,332.0,332.0,332.0,324.0
337,2022.12.20,2490.0,5.0,2455.0,2510.0,2430.0,62852.0,337.0,337.0,333.0,333.0,333.0,325.0
338,2022.12.19,2495.0,15.0,2485.0,2510.0,2475.0,40493.0,338.0,338.0,334.0,334.0,334.0,326.0
339,2022.12.16,2510.0,40.0,2515.0,2560.0,2500.0,114736.0,339.0,339.0,335.0,335.0,335.0,327.0
340,2022.12.15,2550.0,0.0,2550.0,2560.0,2525.0,20071.0,340.0,340.0,336.0,336.0,336.0,328.0
341,2022.12.14,2550.0,10.0,2540.0,2580.0,2510.0,46551.0,341.0,341.0,337.0,337.0,337.0,329.0
342,2022.12.13,2540.0,5.0,2545.0,2560.0,2510.0,74535.0,342.0,342.0,338.0,338.0,338.0,330.0
343,2022.12.12,2545.0,10.0,2555.0,2565.0,2525.0,32846.0,343.0,343.0,339.0,339.0,339.0,331.0
344,2022.12.09,2555.0,5.0,2580.0,2580.0,2510.0,24581.0,344.0,344.0,340.0,340.0,340.0,332.0
345,2022.12.08,2550.0,0.0,2545.0,2555.0,2500.0,34393.0,345.0,345.0,341.0,341.0,341.0,333.0
346,2022.12.07,2550.0,5.0,2525.0,2560.0,2525.0,51204.0,346.0,346.0,342.0,342.0,342.0,334.0
347,2022.12.06,2555.0,35.0,2580.0,2615.0,2550.0,76291.0,347.0,347.0,343.0,343.0,343.0,335.0
348,2022.12.05,2590.0,50.0,2600.0,2695.0,2590.0,40700.0,348.0,348.0,344.0,344.0,344.0,336.0
349,2022.12.02,2640.0,35.0,2675.0,2700.0,2640.0,65433.0,349.0,349.0,345.0,345.0,345.0,337.0
350,2022.12.01,2675.0,0.0,2695.0,2695.0,2675.0,128592.0,350.0,350.0,346.0,346.0,346.0,338.0
351,2022.11.30,2675.0,65.0,2575.0,2675.0,2575.0,188048.0,351.0,351.0,347.0,347.0,347.0,339.0
352,2022.11.29,2610.0,50.0,2560.0,2615.0,2545.0,63814.0,352.0,352.0,348.0,348.0,348.0,340.0
353,2022.11.28,2560.0,40.0,2600.0,2600.0,2555.0,19696.0,353.0,353.0,349.0,349.0,349.0,341.0
354,2022.11.25,2600.0,0.0,2630.0,2630.0,2570.0,49507.0,354.0,354.0,350.0,350.0,350.0,342.0
355,2022.11.24,2600.0,50.0,2550.0,2605.0,2550.0,68767.0,355.0,355.0,351.0,351.0,351.0,343.0
356,2022.11.23,2550.0,20.0,2530.0,2565.0,2530.0,65334.0,356.0,356.0,352.0,352.0,352.0,344.0
357,2022.11.22,2530.0,20.0,2510.0,2550.0,2510.0,54643.0,357.0,357.0,353.0,353.0,353.0,345.0
358,2022.11.21,2510.0,70.0,2580.0,2600.0,2510.0,156416.0,358.0,358.0,354.0,354.0,354.0,346.0
359,2022.11.18,2580.0,0.0,2555.0,2615.0,2555.0,79455.0,359.0,359.0,355.0,355.0,355.0,347.0
360,2022.11.17,2580.0,50.0,2630.0,2650.0,2545.0,177599.0,360.0,360.0,356.0,356.0,356.0,348.0
361,2022.11.16,2630.0,5.0,2625.0,2645.0,2600.0,88121.0,361.0,361.0,357.0,357.0,357.0,349.0
362,2022.11.15,2625.0,30.0,2570.0,2630.0,2570.0,131733.0,362.0,362.0,358.0,358.0,358.0,350.0
363,2022.11.14,2595.0,10.0,2585.0,2630.0,2550.0,182188.0,363.0,363.0,359.0,359.0,359.0,351.0
364,2022.11.11,2585.0,35.0,2600.0,2600.0,2565.0,182178.0,364.0,364.0,360.0,360.0,360.0,352.0
365,2022.11.10,2550.0,30.0,2550.0,2580.0,2450.0,218568.0,365.0,365.0,361.0,361.0,361.0,353.0
366,2022.11.09,2520.0,65.0,2450.0,2525.0,2450.0,336530.0,366.0,366.0,362.0,362.0,362.0,354.0
367,2022.11.08,2455.0,45.0,2410.0,2500.0,2410.0,239184.0,367.0,367.0,363.0,363.0,363.0,355.0
368,2022.11.07,2410.0,95.0,2320.0,2415.0,2320.0,385799.0,368.0,368.0,364.0,364.0,364.0,356.0
369,2022.11.04,2315.0,35.0,2260.0,2320.0,2250.0,166941.0,369.0,369.0,365.0,365.0,365.0,357.0
370,2022.11.03,2280.0,5.0,2270.0,2285.0,2240.0,88461.0,370.0,370.0,366.0,366.0,366.0,358.0
371,2022.11.02,2285.0,15.0,2300.0,2300.0,2255.0,66427.0,371.0,371.0,367.0,367.0,367.0,359.0
372,2022.11.01,2300.0,20.0,2300.0,2305.0,2265.0,88347.0,372.0,372.0,368.0,368.0,368.0,360.0
373,2022.10.31,2280.0,50.0,2235.0,2290.0,2235.0,78221.0,373.0,373.0,369.0,369.0,369.0,361.0
374,2022.10.28,2230.0,30.0,2260.0,2275.0,2230.0,27559.0,374.0,374.0,370.0,370.0,370.0,362.0
375,2022.10.27,2260.0,45.0,2220.0,2275.0,2215.0,51308.0,375.0,375.0,371.0,371.0,371.0,363.0
376,2022.10.26,2215.0,15.0,2265.0,2270.0,2200.0,62583.0,376.0,376.0,372.0,372.0,372.0,364.0
377,2022.10.25,2230.0,25.0,2250.0,2250.0,2215.0,55332.0,377.0,377.0,373.0,373.0,373.0,365.0
378,2022.10.24,2205.0,25.0,2250.0,2350.0,2205.0,603909.0,378.0,378.0,374.0,374.0,374.0,366.0
379,2022.10.21,2230.0,10.0,2220.0,2265.0,2200.0,39886.0,379.0,379.0,375.0,375.0,375.0,367.0
380,2022.10.20,2220.0,35.0,2270.0,2275.0,2220.0,186683.0,380.0,380.0,376.0,376.0,376.0,368.0
381,2022.10.19,2255.0,40.0,2330.0,2330.0,2245.0,103210.0,381.0,381.0,377.0,377.0,377.0,369.0
382,2022.10.18,2295.0,75.0,2220.0,2305.0,2220.0,157574.0,382.0,382.0,378.0,378.0,378.0,370.0
383,2022.10.17,2220.0,25.0,2150.0,2255.0,2150.0,31485.0,383.0,383.0,379.0,379.0,379.0,371.0
384,2022.10.14,2195.0,45.0,2165.0,2210.0,2165.0,76619.0,384.0,384.0,380.0,380.0,380.0,372.0
385,2022.10.13,2150.0,75.0,2225.0,2225.0,2125.0,133757.0,385.0,385.0,381.0,381.0,381.0,373.0
386,2022.10.12,2225.0,10.0,2190.0,2260.0,2185.0,80498.0,386.0,386.0,382.0,382.0,382.0,374.0
387,2022.10.11,2215.0,60.0,2220.0,2350.0,2210.0,185716.0,387.0,387.0,383.0,383.0,383.0,375.0
388,2022.10.07,2275.0,5.0,2270.0,2280.0,2240.0,37304.0,388.0,388.0,384.0,384.0,384.0,376.0
389,2022.10.06,2270.0,45.0,2200.0,2275.0,2200.0,42691.0,389.0,389.0,385.0,385.0,385.0,377.0
390,2022.10.05,2225.0,5.0,2240.0,2275.0,2215.0,61841.0,390.0,390.0,386.0,386.0,386.0,378.0
391,2022.10.04,2230.0,55.0,2210.0,2265.0,2190.0,120351.0,391.0,391.0,387.0,387.0,387.0,379.0
392,2022.09.30,2175.0,15.0,2150.0,2190.0,2135.0,74623.0,392.0,392.0,388.0,388.0,388.0,380.0
393,2022.09.29,2190.0,10.0,2185.0,2325.0,2165.0,421233.0,393.0,393.0,389.0,389.0,389.0,381.0
394,2022.09.28,2180.0,50.0,2230.0,2285.0,2135.0,123835.0,394.0,394.0,390.0,390.0,390.0,382.0
395,2022.09.27,2230.0,15.0,2205.0,2250.0,2170.0,126638.0,395.0,395.0,391.0,391.0,391.0,383.0
396,2022.09.26,2215.0,110.0,2295.0,2400.0,2205.0,266131.0,396.0,396.0,392.0,392.0,392.0,384.0
397,2022.09.23,2325.0,40.0,2365.0,2370.0,2295.0,211853.0,397.0,397.0,393.0,393.0,393.0,385.0
398,2022.09.22,2365.0,20.0,2360.0,2450.0,2350.0,95187.0,398.0,398.0,394.0,394.0,394.0,386.0
399,2022.09.21,2385.0,10.0,2395.0,2435.0,2360.0,90492.0,399.0,399.0,395.0,395.0,395.0,387.0
400,2022.09.20,2395.0,10.0,2385.0,2580.0,2365.0,416384.0,400.0,400.0,396.0,396.0,396.0,388.0
401,2022.09.19,2385.0,20.0,2405.0,2425.0,2360.0,36178.0,401.0,401.0,397.0,397.0,397.0,389.0
402,2022.09.16,2405.0,10.0,2390.0,2410.0,2370.0,171136.0,402.0,402.0,398.0,398.0,398.0,390.0
403,2022.09.15,2395.0,0.0,2395.0,2440.0,2390.0,90552.0,403.0,403.0,399.0,399.0,399.0,391.0
404,2022.09.14,2395.0,55.0,2370.0,2425.0,2370.0,94727.0,404.0,404.0,400.0,400.0,400.0,392.0
405,2022.09.13,2450.0,50.0,2425.0,2490.0,2390.0,133763.0,405.0,405.0,401.0,401.0,401.0,393.0
406,2022.09.08,2400.0,20.0,2420.0,2490.0,2380.0,90411.0,406.0,406.0,402.0,402.0,402.0,394.0
407,2022.09.07,2420.0,40.0,2470.0,2470.0,2385.0,71268.0,407.0,407.0,403.0,403.0,403.0,395.0
408,2022.09.06,2460.0,30.0,2450.0,2460.0,2430.0,35764.0,408.0,408.0,404.0,404.0,404.0,396.0
409,2022.09.05,2430.0,35.0,2455.0,2480.0,2410.0,111858.0,409.0,409.0,405.0,405.0,405.0,397.0
410,2022.09.02,2465.0,55.0,2515.0,2535.0,2460.0,80020.0,410.0,410.0,406.0,406.0,406.0,398.0
411,2022.09.01,2520.0,60.0,2560.0,2575.0,2500.0,106205.0,411.0,411.0,407.0,407.0,407.0,399.0
412,2022.08.31,2580.0,0.0,2530.0,2600.0,2530.0,55572.0,412.0,412.0,408.0,408.0,408.0,400.0
413,2022.08.30,2580.0,45.0,2535.0,2600.0,2530.0,79675.0,413.0,413.0,409.0,409.0,409.0,401.0
414,2022.08.29,2535.0,60.0,2515.0,2585.0,2515.0,101511.0,414.0,414.0,410.0,410.0,410.0,402.0
415,2022.08.26,2595.0,5.0,2615.0,2620.0,2595.0,135733.0,415.0,415.0,411.0,411.0,411.0,403.0
416,2022.08.25,2600.0,5.0,2595.0,2625.0,2580.0,70498.0,416.0,416.0,412.0,412.0,412.0,404.0
417,2022.08.24,2595.0,25.0,2550.0,2615.0,2550.0,130932.0,417.0,417.0,413.0,413.0,413.0,405.0
418,2022.08.23,2570.0,35.0,2565.0,2605.0,2530.0,122593.0,418.0,418.0,414.0,414.0,414.0,406.0
419,2022.08.22,2605.0,75.0,2680.0,2685.0,2600.0,207025.0,419.0,419.0,415.0,415.0,415.0,407.0
420,2022.08.19,2680.0,10.0,2725.0,2725.0,2650.0,138827.0,420.0,420.0,416.0,416.0,416.0,408.0
421,2022.08.18,2690.0,35.0,2610.0,2835.0,2600.0,2644233.0,421.0,421.0,417.0,417.0,417.0,409.0
422,2022.08.17,2655.0,20.0,2635.0,2670.0,2625.0,175459.0,422.0,422.0,418.0,418.0,418.0,410.0
423,2022.08.16,2675.0,70.0,2615.0,2700.0,2610.0,583758.0,423.0,423.0,419.0,419.0,419.0,411.0
424,2022.08.12,2605.0,0.0,2610.0,2615.0,2595.0,113799.0,424.0,424.0,420.0,420.0,420.0,412.0
425,2022.08.11,2605.0,45.0,2590.0,2615.0,2570.0,155033.0,425.0,425.0,421.0,421.0,421.0,413.0
426,2022.08.10,2560.0,20.0,2585.0,2595.0,2540.0,99470.0,426.0,426.0,422.0,422.0,422.0,414.0
427,2022.08.09,2580.0,25.0,2575.0,2590.0,2530.0,179757.0,427.0,427.0,423.0,423.0,423.0,415.0
428,2022.08.08,2555.0,0.0,2560.0,2600.0,2535.0,110400.0,428.0,428.0,424.0,424.0,424.0,416.0
429,2022.08.05,2555.0,10.0,2520.0,2560.0,2520.0,60411.0,429.0,429.0,425.0,425.0,425.0,417.0
430,2022.08.04,2545.0,25.0,2505.0,2575.0,2505.0,132667.0,430.0,430.0,426.0,426.0,426.0,418.0
431,2022.08.03,2520.0,20.0,2550.0,2550.0,2490.0,148127.0,431.0,431.0,427.0,427.0,427.0,419.0
432,2022.08.02,2540.0,35.0,2560.0,2580.0,2465.0,337414.0,432.0,432.0,428.0,428.0,428.0,420.0
433,2022.08.01,2575.0,30.0,2650.0,2780.0,2560.0,1404113.0,433.0,433.0,429.0,429.0,429.0,421.0
434,2022.07.29,2545.0,0.0,2545.0,2565.0,2530.0,141950.0,434.0,434.0,430.0,430.0,430.0,422.0
435,2022.07.28,2545.0,0.0,2545.0,2575.0,2530.0,58895.0,435.0,435.0,431.0,431.0,431.0,423.0
436,2022.07.27,2545.0,35.0,2550.0,2610.0,2525.0,234721.0,436.0,436.0,432.0,432.0,432.0,424.0
437,2022.07.26,2510.0,10.0,2475.0,2535.0,2475.0,36809.0,437.0,437.0,433.0,433.0,433.0,425.0
438,2022.07.25,2500.0,20.0,2520.0,2545.0,2495.0,52374.0,438.0,438.0,434.0,434.0,434.0,426.0
439,2022.07.22,2520.0,10.0,2530.0,2535.0,2500.0,66697.0,439.0,439.0,435.0,435.0,435.0,427.0
440,2022.07.21,2530.0,70.0,2445.0,2610.0,2445.0,546989.0,440.0,440.0,436.0,436.0,436.0,428.0
441,2022.07.20,2460.0,10.0,2450.0,2485.0,2445.0,88923.0,441.0,441.0,437.0,437.0,437.0,429.0
442,2022.07.19,2450.0,5.0,2450.0,2460.0,2420.0,65156.0,442.0,442.0,438.0,438.0,438.0,430.0
443,2022.07.18,2445.0,55.0,2400.0,2450.0,2400.0,78966.0,443.0,443.0,439.0,439.0,439.0,431.0
444,2022.07.15,2390.0,10.0,2380.0,2550.0,2340.0,346453.0,444.0,444.0,440.0,440.0,440.0,432.0
445,2022.07.14,2380.0,35.0,2345.0,2390.0,2305.0,56142.0,445.0,445.0,441.0,441.0,441.0,433.0
446,2022.07.13,2345.0,5.0,2325.0,2375.0,2310.0,80624.0,446.0,446.0,442.0,442.0,442.0,434.0
447,2022.07.12,2350.0,15.0,2365.0,2365.0,2290.0,90918.0,447.0,447.0,443.0,443.0,443.0,435.0
448,2022.07.11,2365.0,15.0,2380.0,2395.0,2310.0,41965.0,448.0,448.0,444.0,444.0,444.0,436.0
449,2022.07.08,2380.0,25.0,2360.0,2385.0,2340.0,136027.0,449.0,449.0,445.0,445.0,445.0,437.0
450,2022.07.07,2355.0,0.0,2360.0,2365.0,2325.0,48658.0,450.0,450.0,446.0,446.0,446.0,438.0
451,2022.07.06,2355.0,20.0,2340.0,2355.0,2310.0,57406.0,451.0,451.0,447.0,447.0,447.0,439.0
452,2022.07.05,2335.0,65.0,2270.0,2350.0,2270.0,67109.0,452.0,452.0,448.0,448.0,448.0,440.0
453,2022.07.04,2270.0,30.0,2300.0,2325.0,2230.0,91728.0,453.0,453.0,449.0,449.0,449.0,441.0
454,2022.07.01,2300.0,20.0,2320.0,2360.0,2270.0,92734.0,454.0,454.0,450.0,450.0,450.0,442.0
455,2022.06.30,2320.0,85.0,2375.0,2405.0,2315.0,119825.0,455.0,455.0,451.0,451.0,451.0,443.0
456,2022.06.29,2405.0,5.0,2355.0,2415.0,2350.0,86719.0,456.0,456.0,452.0,452.0,452.0,444.0
457,2022.06.28,2410.0,15.0,2395.0,2440.0,2360.0,140111.0,457.0,457.0,453.0,453.0,453.0,445.0
458,2022.06.27,2395.0,85.0,2320.0,2405.0,2320.0,225013.0,458.0,458.0,454.0,454.0,454.0,446.0
459,2022.06.24,2310.0,100.0,2200.0,2315.0,2200.0,272108.0,459.0,459.0,455.0,455.0,455.0,447.0
460,2022.06.23,2210.0,125.0,2330.0,2395.0,2210.0,393085.0,460.0,460.0,456.0,456.0,456.0,448.0
461,2022.06.22,2335.0,125.0,2475.0,2480.0,2320.0,373714.0,461.0,461.0,457.0,457.0,457.0,449.0
462,2022.06.21,2460.0,40.0,2410.0,2475.0,2395.0,114846.0,462.0,462.0,458.0,458.0,458.0,450.0
463,2022.06.20,2420.0,110.0,2530.0,2555.0,2380.0,261812.0,463.0,463.0,459.0,459.0,459.0,451.0
464,2022.06.17,2530.0,40.0,2500.0,2560.0,2460.0,263427.0,464.0,464.0,460.0,460.0,460.0,452.0
465,2022.06.16,2570.0,5.0,2585.0,2645.0,2560.0,228370.0,465.0,465.0,461.0,461.0,461.0,453.0
466,2022.06.15,2565.0,70.0,2620.0,2635.0,2510.0,418839.0,466.0,466.0,462.0,462.0,462.0,454.0
467,2022.06.14,2635.0,45.0,2580.0,2675.0,2570.0,359294.0,467.0,467.0,463.0,463.0,463.0,455.0
468,2022.06.13,2680.0,165.0,2800.0,2805.0,2680.0,411590.0,468.0,468.0,464.0,464.0,464.0,456.0
469,2022.06.10,2845.0,45.0,2890.0,2890.0,2820.0,275114.0,469.0,469.0,465.0,465.0,465.0,457.0
470,2022.06.09,2890.0,35.0,2925.0,2925.0,2855.0,246991.0,470.0,470.0,466.0,466.0,466.0,458.0
471,2022.06.08,2925.0,10.0,2925.0,2950.0,2920.0,137191.0,471.0,471.0,467.0,467.0,467.0,459.0
472,2022.06.07,2935.0,30.0,2950.0,2965.0,2930.0,186885.0,472.0,472.0,468.0,468.0,468.0,460.0
473,2022.06.03,2965.0,5.0,2970.0,3070.0,2960.0,447582.0,473.0,473.0,469.0,469.0,469.0,461.0
474,2022.06.02,2970.0,35.0,2990.0,2995.0,2970.0,134867.0,474.0,474.0,470.0,470.0,470.0,462.0
475,2022.05.31,3005.0,15.0,2985.0,3015.0,2980.0,142268.0,475.0,475.0,471.0,471.0,471.0,463.0
476,2022.05.30,2990.0,25.0,2990.0,3015.0,2960.0,183568.0,476.0,476.0,472.0,472.0,472.0,464.0
477,2022.05.27,2965.0,10.0,2955.0,2990.0,2955.0,140270.0,477.0,477.0,473.0,473.0,473.0,465.0
478,2022.05.26,2955.0,30.0,2920.0,2975.0,2920.0,176468.0,478.0,478.0,474.0,474.0,474.0,466.0
479,2022.05.25,2925.0,50.0,2885.0,2965.0,2885.0,229637.0,479.0,479.0,475.0,475.0,475.0,467.0
480,2022.05.24,2875.0,130.0,2990.0,3005.0,2870.0,576851.0,480.0,480.0,476.0,476.0,476.0,468.0
481,2022.05.23,3005.0,10.0,3020.0,3025.0,2950.0,209999.0,481.0,481.0,477.0,477.0,477.0,469.0
482,2022.05.20,3015.0,15.0,2995.0,3040.0,2995.0,372005.0,482.0,482.0,478.0,478.0,478.0,470.0
483,2022.05.19,3000.0,100.0,3045.0,3050.0,2975.0,562356.0,483.0,483.0,479.0,479.0,479.0,471.0
484,2022.05.18,3100.0,5.0,3100.0,3130.0,3075.0,417714.0,484.0,484.0,480.0,480.0,480.0,472.0
485,2022.05.17,3095.0,0.0,3070.0,3135.0,3070.0,543380.0,485.0,485.0,481.0,481.0,481.0,473.0
486,2022.05.16,3095.0,80.0,3055.0,3180.0,3035.0,942870.0,486.0,486.0,482.0,482.0,482.0,474.0
487,2022.05.13,3015.0,15.0,3000.0,3065.0,2990.0,481438.0,487.0,487.0,483.0,483.0,483.0,475.0
488,2022.05.12,3000.0,120.0,3120.0,3350.0,2980.0,5820818.0,488.0,488.0,484.0,484.0,484.0,476.0
489,2022.05.11,3120.0,0.0,3105.0,3130.0,3050.0,675966.0,489.0,489.0,485.0,485.0,485.0,477.0
490,2022.05.10,3120.0,100.0,2965.0,3300.0,2950.0,10676428.0,490.0,490.0,486.0,486.0,486.0,478.0
491,2022.05.09,3020.0,50.0,3065.0,3090.0,3015.0,290763.0,491.0,491.0,487.0,487.0,487.0,479.0
492,2022.05.06,3070.0,25.0,3020.0,3100.0,2990.0,385494.0,492.0,492.0,488.0,488.0,488.0,480.0
493,2022.05.04,3045.0,80.0,2985.0,3340.0,2960.0,4737080.0,493.0,493.0,489.0,489.0,489.0,481.0
494,2022.05.03,2965.0,5.0,2945.0,2980.0,2945.0,95769.0,494.0,494.0,490.0,490.0,490.0,482.0
495,2022.05.02,2960.0,5.0,2905.0,2960.0,2905.0,78542.0,495.0,495.0,491.0,491.0,491.0,483.0
496,2022.04.29,2955.0,15.0,2940.0,2970.0,2940.0,126799.0,496.0,496.0,492.0,492.0,492.0,484.0
497,2022.04.28,2940.0,0.0,2940.0,2975.0,2930.0,123358.0,497.0,497.0,493.0,493.0,493.0,485.0
498,2022.04.27,2940.0,55.0,2935.0,2955.0,2905.0,243257.0,498.0,498.0,494.0,494.0,494.0,486.0
499,2022.04.26,2995.0,30.0,2965.0,3030.0,2960.0,173150.0,499.0,499.0,495.0,495.0,495.0,487.0
500,2022.04.25,2965.0,60.0,3015.0,3015.0,2965.0,263548.0,500.0,500.0,496.0,496.0,496.0,488.0
501,2022.04.22,3025.0,35.0,3050.0,3060.0,3015.0,122181.0,501.0,501.0,497.0,497.0,497.0,489.0
502,2022.04.21,3060.0,15.0,3080.0,3090.0,3045.0,139266.0,502.0,502.0,498.0,498.0,498.0,490.0
503,2022.04.20,3075.0,35.0,3050.0,3100.0,3035.0,216108.0,503.0,503.0,499.0,499.0,499.0,491.0
504,2022.04.19,3040.0,5.0,3000.0,3055.0,3000.0,141203.0,504.0,504.0,500.0,500.0,500.0,492.0
505,2022.04.18,3035.0,40.0,3000.0,3060.0,2990.0,185978.0,505.0,505.0,501.0,501.0,501.0,493.0
506,2022.04.15,2995.0,5.0,3000.0,3015.0,2975.0,113184.0,506.0,506.0,502.0,502.0,502.0,494.0
507,2022.04.14,2990.0,30.0,3010.0,3020.0,2985.0,155826.0,507.0,507.0,503.0,503.0,503.0,495.0
508,2022.04.13,3020.0,45.0,2965.0,3030.0,2965.0,121118.0,508.0,508.0,504.0,504.0,504.0,496.0
509,2022.04.12,2975.0,55.0,3000.0,3035.0,2950.0,273261.0,509.0,509.0,505.0,505.0,505.0,497.0
510,2022.04.11,3030.0,5.0,3025.0,3190.0,2990.0,549126.0,510.0,510.0,506.0,506.0,506.0,498.0
511,2022.04.08,3025.0,5.0,3040.0,3050.0,2995.0,126831.0,511.0,511.0,507.0,507.0,507.0,499.0
512,2022.04.07,3020.0,65.0,3080.0,3085.0,2985.0,312248.0,512.0,512.0,508.0,508.0,508.0,500.0
513,2022.04.06,3085.0,30.0,3115.0,3125.0,3085.0,157874.0,513.0,513.0,509.0,509.0,509.0,501.0
514,2022.04.05,3115.0,15.0,3110.0,3150.0,3105.0,192130.0,514.0,514.0,510.0,510.0,510.0,502.0
515,2022.04.04,3130.0,35.0,3100.0,3135.0,3095.0,147203.0,515.0,515.0,511.0,511.0,511.0,503.0
516,2022.04.01,3095.0,5.0,3100.0,3120.0,3005.0,187612.0,516.0,516.0,512.0,512.0,512.0,504.0
517,2022.03.31,3100.0,15.0,3085.0,3135.0,3085.0,99274.0,517.0,517.0,513.0,513.0,513.0,505.0
518,2022.03.30,3085.0,5.0,3100.0,3110.0,3070.0,181618.0,518.0,518.0,514.0,514.0,514.0,506.0
519,2022.03.29,3080.0,25.0,3105.0,3155.0,3075.0,230037.0,519.0,519.0,515.0,515.0,515.0,507.0
520,2022.03.28,3105.0,25.0,3130.0,3150.0,3085.0,209470.0,520.0,520.0,516.0,516.0,516.0,508.0
521,2022.03.25,3130.0,45.0,3180.0,3180.0,3115.0,148491.0,521.0,521.0,517.0,517.0,517.0,509.0
522,2022.03.24,3175.0,40.0,3120.0,3175.0,3080.0,192764.0,522.0,522.0,518.0,518.0,518.0,510.0
523,2022.03.23,3135.0,45.0,3105.0,3140.0,3075.0,294588.0,523.0,523.0,519.0,519.0,519.0,511.0
524,2022.03.22,3090.0,10.0,3100.0,3105.0,3055.0,134978.0,524.0,524.0,520.0,520.0,520.0,512.0
525,2022.03.21,3100.0,30.0,3070.0,3100.0,3050.0,278985.0,525.0,525.0,521.0,521.0,521.0,513.0
526,2022.03.18,3070.0,40.0,3060.0,3070.0,3000.0,338737.0,526.0,526.0,522.0,522.0,522.0,514.0
527,2022.03.17,3030.0,90.0,2975.0,3030.0,2940.0,415978.0,527.0,527.0,523.0,523.0,523.0,515.0
528,2022.03.16,2940.0,40.0,2920.0,2950.0,2890.0,294500.0,528.0,528.0,524.0,524.0,524.0,516.0
529,2022.03.15,2900.0,10.0,2880.0,2930.0,2875.0,137996.0,529.0,529.0,525.0,525.0,525.0,517.0
530,2022.03.14,2910.0,20.0,2945.0,2960.0,2910.0,202524.0,530.0,530.0,526.0,526.0,526.0,518.0
531,2022.03.11,2930.0,20.0,2900.0,2955.0,2900.0,215521.0,531.0,531.0,527.0,527.0,527.0,519.0
532,2022.03.10,2910.0,10.0,2980.0,2985.0,2900.0,491505.0,532.0,532.0,528.0,528.0,528.0,520.0
533,2022.03.08,2900.0,5.0,2845.0,3030.0,2845.0,568178.0,533.0,533.0,529.0,529.0,529.0,521.0
534,2022.03.07,2895.0,35.0,2905.0,2920.0,2865.0,202029.0,534.0,534.0,530.0,530.0,530.0,522.0
535,2022.03.04,2930.0,5.0,2940.0,2945.0,2905.0,175531.0,535.0,535.0,531.0,531.0,531.0,523.0
536,2022.03.03,2935.0,45.0,3010.0,3095.0,2905.0,682382.0,536.0,536.0,532.0,532.0,532.0,524.0
537,2022.03.02,2890.0,35.0,2830.0,2895.0,2830.0,155262.0,537.0,537.0,533.0,533.0,533.0,525.0
538,2022.02.28,2855.0,5.0,2860.0,2885.0,2835.0,145246.0,538.0,538.0,534.0,534.0,534.0,526.0
539,2022.02.25,2850.0,80.0,2800.0,2865.0,2795.0,145882.0,539.0,539.0,535.0,535.0,535.0,527.0
540,2022.02.24,2770.0,100.0,2855.0,2880.0,2760.0,363261.0,540.0,540.0,536.0,536.0,536.0,528.0
541,2022.02.23,2870.0,10.0,2865.0,2900.0,2855.0,257668.0,541.0,541.0,537.0,537.0,537.0,529.0
542,2022.02.22,2860.0,115.0,2950.0,2960.0,2860.0,461210.0,542.0,542.0,538.0,538.0,538.0,530.0
543,2022.02.21,2975.0,45.0,2960.0,3005.0,2950.0,230665.0,543.0,543.0,539.0,539.0,539.0,531.0
544,2022.02.18,3020.0,55.0,2965.0,3060.0,2960.0,451911.0,544.0,544.0,540.0,540.0,540.0,532.0
545,2022.02.17,2965.0,15.0,2950.0,3035.0,2905.0,343145.0,545.0,545.0,541.0,541.0,541.0,533.0
546,2022.02.16,2950.0,85.0,2895.0,2960.0,2895.0,201973.0,546.0,546.0,542.0,542.0,542.0,534.0
547,2022.02.15,2865.0,35.0,2880.0,3040.0,2860.0,194355.0,547.0,547.0,543.0,543.0,543.0,535.0
548,2022.02.14,2900.0,95.0,2985.0,2985.0,2865.0,256476.0,548.0,548.0,544.0,544.0,544.0,536.0
549,2022.02.11,2995.0,5.0,3015.0,3070.0,2985.0,264013.0,549.0,549.0,545.0,545.0,545.0,537.0
550,2022.02.10,2990.0,10.0,3005.0,3055.0,2985.0,219581.0,550.0,550.0,546.0,546.0,546.0,538.0
551,2022.02.09,3000.0,50.0,2975.0,3000.0,2960.0,101061.0,551.0,551.0,547.0,547.0,547.0,539.0
552,2022.02.08,2950.0,35.0,2995.0,3010.0,2930.0,266317.0,552.0,552.0,548.0,548.0,548.0,540.0
553,2022.02.07,2985.0,60.0,2945.0,2995.0,2890.0,248185.0,553.0,553.0,549.0,549.0,549.0,541.0
554,2022.02.04,2925.0,20.0,2905.0,2965.0,2860.0,221947.0,554.0,554.0,550.0,550.0,550.0,542.0
555,2022.02.03,2905.0,70.0,2860.0,2930.0,2860.0,238859.0,555.0,555.0,551.0,551.0,551.0,543.0
556,2022.01.28,2835.0,65.0,2760.0,2845.0,2715.0,321408.0,556.0,556.0,552.0,552.0,552.0,544.0
557,2022.01.27,2770.0,130.0,2900.0,2920.0,2755.0,465177.0,557.0,557.0,553.0,553.0,553.0,545.0
558,2022.01.26,2900.0,0.0,2905.0,2975.0,2895.0,233141.0,558.0,558.0,554.0,554.0,554.0,546.0
559,2022.01.25,2900.0,75.0,2965.0,3005.0,2890.0,340927.0,559.0,559.0,555.0,555.0,555.0,547.0
560,2022.01.24,2975.0,90.0,3015.0,3045.0,2950.0,488499.0,560.0,560.0,556.0,556.0,556.0,548.0
561,2022.01.21,3065.0,30.0,3065.0,3125.0,3050.0,241731.0,561.0,561.0,557.0,557.0,557.0,549.0
562,2022.01.20,3095.0,15.0,3050.0,3125.0,3050.0,245832.0,562.0,562.0,558.0,558.0,558.0,550.0
563,2022.01.19,3080.0,125.0,3150.0,3210.0,3075.0,650482.0,563.0,563.0,559.0,559.0,559.0,551.0
564,2022.01.18,3205.0,80.0,3285.0,3290.0,3195.0,565083.0,564.0,564.0,560.0,560.0,560.0,552.0
565,2022.01.17,3285.0,70.0,3280.0,3510.0,3215.0,2219375.0,565.0,565.0,561.0,561.0,561.0,553.0
566,2022.01.14,3215.0,25.0,3185.0,3230.0,3160.0,257966.0,566.0,566.0,562.0,562.0,562.0,554.0
567,2022.01.13,3190.0,30.0,3220.0,3235.0,3180.0,256371.0,567.0,567.0,563.0,563.0,563.0,555.0
568,2022.01.12,3220.0,50.0,3170.0,3270.0,3170.0,324979.0,568.0,568.0,564.0,564.0,564.0,556.0
569,2022.01.11,3170.0,155.0,3335.0,3335.0,3170.0,777177.0,569.0,569.0,565.0,565.0,565.0,557.0
570,2022.01.10,3325.0,55.0,3280.0,3340.0,3240.0,906710.0,570.0,570.0,566.0,566.0,566.0,558.0
571,2022.01.07,3270.0,130.0,3190.0,3595.0,3190.0,7138733.0,571.0,571.0,567.0,567.0,567.0,559.0
572,2022.01.06,3140.0,80.0,3160.0,3195.0,3135.0,376847.0,572.0,572.0,568.0,568.0,568.0,560.0
573,2022.01.05,3220.0,25.0,3205.0,3255.0,3160.0,419519.0,573.0,573.0,569.0,569.0,569.0,561.0
574,2022.01.04,3195.0,25.0,3170.0,3195.0,3155.0,189001.0,574.0,574.0,570.0,570.0,570.0,562.0
575,2022.01.03,3170.0,5.0,3150.0,3185.0,3150.0,161619.0,575.0,575.0,571.0,571.0,571.0,563.0
576,2021.12.30,3175.0,35.0,3180.0,3225.0,3160.0,245301.0,576.0,576.0,572.0,572.0,572.0,564.0
577,2021.12.29,3210.0,15.0,3185.0,3225.0,3150.0,267015.0,577.0,577.0,573.0,573.0,573.0,565.0
578,2021.12.28,3225.0,15.0,3205.0,3235.0,3175.0,226904.0,578.0,578.0,574.0,574.0,574.0,566.0
579,2021.12.27,3210.0,30.0,3180.0,3215.0,3180.0,207199.0,579.0,579.0,575.0,575.0,575.0,567.0
580,2021.12.24,3180.0,10.0,3175.0,3215.0,3150.0,151214.0,580.0,580.0,576.0,576.0,576.0,568.0
581,2021.12.23,3170.0,45.0,3215.0,3230.0,3150.0,271809.0,581.0,581.0,577.0,577.0,577.0,569.0
582,2021.12.22,3215.0,65.0,3155.0,3235.0,3155.0,274711.0,582.0,582.0,578.0,578.0,578.0,570.0
583,2021.12.21,3150.0,10.0,3165.0,3195.0,3130.0,207256.0,583.0,583.0,579.0,579.0,579.0,571.0
584,2021.12.20,3160.0,75.0,3205.0,3230.0,3160.0,196448.0,584.0,584.0,580.0,580.0,580.0,572.0
585,2021.12.17,3235.0,25.0,3250.0,3250.0,3180.0,290112.0,585.0,585.0,581.0,581.0,581.0,573.0
586,2021.12.16,3260.0,110.0,3160.0,3275.0,3155.0,553205.0,586.0,586.0,582.0,582.0,582.0,574.0
587,2021.12.15,3150.0,25.0,3170.0,3175.0,3140.0,159075.0,587.0,587.0,583.0,583.0,583.0,575.0
588,2021.12.14,3175.0,30.0,3120.0,3175.0,3110.0,248446.0,588.0,588.0,584.0,584.0,584.0,576.0
589,2021.12.13,3145.0,5.0,3145.0,3195.0,3140.0,158902.0,589.0,589.0,585.0,585.0,585.0,577.0
590,2021.12.10,3140.0,20.0,3160.0,3170.0,3130.0,179001.0,590.0,590.0,586.0,586.0,586.0,578.0
591,2021.12.09,3160.0,45.0,3095.0,3170.0,3090.0,214673.0,591.0,591.0,587.0,587.0,587.0,579.0
592,2021.12.08,3115.0,10.0,3160.0,3165.0,3110.0,217938.0,592.0,592.0,588.0,588.0,588.0,580.0
593,2021.12.07,3125.0,50.0,3175.0,3205.0,3100.0,441859.0,593.0,593.0,589.0,589.0,589.0,581.0
594,2021.12.06,3175.0,60.0,3140.0,3270.0,3130.0,588619.0,594.0,594.0,590.0,590.0,590.0,582.0
595,2021.12.03,3115.0,20.0,3100.0,3135.0,3050.0,191043.0,595.0,595.0,591.0,591.0,591.0,583.0
596,2021.12.02,3095.0,95.0,3000.0,3095.0,2970.0,273329.0,596.0,596.0,592.0,592.0,592.0,584.0
597,2021.12.01,3000.0,65.0,2935.0,3040.0,2870.0,406159.0,597.0,597.0,593.0,593.0,593.0,585.0
598,2021.11.30,2935.0,140.0,3075.0,3140.0,2920.0,601625.0,598.0,598.0,594.0,594.0,594.0,586.0
599,2021.11.29,3075.0,105.0,3080.0,3200.0,3070.0,368356.0,599.0,599.0,595.0,595.0,595.0,587.0
600,2021.11.26,3180.0,100.0,3280.0,3315.0,3120.0,483342.0,600.0,600.0,596.0,596.0,596.0,588.0
601,2021.11.25,3280.0,65.0,3330.0,3380.0,3280.0,315778.0,601.0,601.0,597.0,597.0,597.0,589.0
602,2021.11.24,3345.0,15.0,3340.0,3380.0,3290.0,334139.0,602.0,602.0,598.0,598.0,598.0,590.0
603,2021.11.23,3330.0,110.0,3400.0,3455.0,3305.0,389399.0,603.0,603.0,599.0,599.0,599.0,591.0
604,2021.11.22,3440.0,70.0,3495.0,3525.0,3425.0,362284.0,604.0,604.0,600.0,600.0,600.0,592.0
605,2021.11.19,3510.0,10.0,3500.0,3590.0,3465.0,290976.0,605.0,605.0,601.0,601.0,601.0,593.0
606,2021.11.18,3500.0,70.0,3550.0,3680.0,3450.0,549890.0,606.0,606.0,602.0,602.0,602.0,594.0
607,2021.11.17,3570.0,50.0,3615.0,3650.0,3500.0,700636.0,607.0,607.0,603.0,603.0,603.0,595.0
608,2021.11.16,3620.0,20.0,3660.0,3660.0,3555.0,664210.0,608.0,608.0,604.0,604.0,604.0,596.0
609,2021.11.15,3640.0,55.0,3710.0,3750.0,3620.0,474540.0,609.0,609.0,605.0,605.0,605.0,597.0
610,2021.11.12,3695.0,45.0,3650.0,3740.0,3605.0,639885.0,610.0,610.0,606.0,606.0,606.0,598.0
611,2021.11.11,3650.0,70.0,3690.0,3815.0,3600.0,1346086.0,611.0,611.0,607.0,607.0,607.0,599.0
612,2021.11.10,3720.0,130.0,3545.0,3810.0,3535.0,2713518.0,612.0,612.0,608.0,608.0,608.0,600.0
613,2021.11.09,3590.0,100.0,3705.0,3710.0,3560.0,925128.0,613.0,613.0,609.0,609.0,609.0,601.0
614,2021.11.08,3690.0,260.0,3465.0,3735.0,3370.0,2866108.0,614.0,614.0,610.0,610.0,610.0,602.0
615,2021.11.05,3430.0,135.0,3295.0,3495.0,3295.0,1572952.0,615.0,615.0,611.0,611.0,611.0,603.0
616,2021.11.04,3295.0,20.0,3280.0,3325.0,3265.0,247019.0,616.0,616.0,612.0,612.0,612.0,604.0
617,2021.11.03,3275.0,105.0,3395.0,3420.0,3270.0,465055.0,617.0,617.0,613.0,613.0,613.0,605.0
618,2021.11.02,3380.0,10.0,3355.0,3415.0,3345.0,315161.0,618.0,618.0,614.0,614.0,614.0,606.0
619,2021.11.01,3390.0,45.0,3345.0,3435.0,3320.0,287071.0,619.0,619.0,615.0,615.0,615.0,607.0
620,2021.10.29,3345.0,25.0,3385.0,3425.0,3320.0,313884.0,620.0,620.0,616.0,616.0,616.0,608.0
621,2021.10.28,3370.0,15.0,3385.0,3435.0,3360.0,227164.0,621.0,621.0,617.0,617.0,617.0,609.0
622,2021.10.27,3385.0,75.0,3460.0,3460.0,3350.0,224271.0,622.0,622.0,618.0,618.0,618.0,610.0
623,2021.10.26,3460.0,10.0,3470.0,3495.0,3440.0,194842.0,623.0,623.0,619.0,619.0,619.0,611.0
624,2021.10.25,3470.0,25.0,3445.0,3535.0,3400.0,340565.0,624.0,624.0,620.0,620.0,620.0,612.0
625,2021.10.22,3445.0,50.0,3500.0,3515.0,3415.0,310023.0,625.0,625.0,621.0,621.0,621.0,613.0
626,2021.10.21,3495.0,125.0,3370.0,3560.0,3360.0,751144.0,626.0,626.0,622.0,622.0,622.0,614.0
627,2021.10.20,3370.0,35.0,3410.0,3425.0,3350.0,245184.0,627.0,627.0,623.0,623.0,623.0,615.0
628,2021.10.19,3405.0,5.0,3405.0,3420.0,3360.0,139810.0,628.0,628.0,624.0,624.0,624.0,616.0
629,2021.10.18,3400.0,10.0,3410.0,3480.0,3380.0,235927.0,629.0,629.0,625.0,625.0,625.0,617.0
630,2021.10.15,3410.0,70.0,3350.0,3410.0,3330.0,321595.0,630.0,630.0,626.0,626.0,626.0,618.0
631,2021.10.14,3340.0,75.0,3295.0,3435.0,3280.0,461422.0,631.0,631.0,627.0,627.0,627.0,619.0
632,2021.10.13,3265.0,15.0,3285.0,3355.0,3250.0,219403.0,632.0,632.0,628.0,628.0,628.0,620.0
633,2021.10.12,3280.0,10.0,3285.0,3335.0,3235.0,226103.0,633.0,633.0,629.0,629.0,629.0,621.0
634,2021.10.08,3270.0,75.0,3205.0,3440.0,3160.0,1142669.0,634.0,634.0,630.0,630.0,630.0,622.0
635,2021.10.07,3195.0,145.0,3070.0,3200.0,3070.0,424939.0,635.0,635.0,631.0,631.0,631.0,623.0
636,2021.10.06,3050.0,115.0,3175.0,3270.0,3045.0,577109.0,636.0,636.0,632.0,632.0,632.0,624.0
637,2021.10.05,3165.0,120.0,3285.0,3285.0,3140.0,534629.0,637.0,637.0,633.0,633.0,633.0,625.0
638,2021.10.01,3285.0,65.0,3350.0,3455.0,3250.0,480723.0,638.0,638.0,634.0,634.0,634.0,626.0
639,2021.09.30,3350.0,40.0,3260.0,3450.0,3260.0,399941.0,639.0,639.0,635.0,635.0,635.0,627.0
640,2021.09.29,3310.0,45.0,3250.0,3355.0,3250.0,320098.0,640.0,640.0,636.0,636.0,636.0,628.0
641,2021.09.28,3355.0,85.0,3430.0,3460.0,3350.0,353299.0,641.0,641.0,637.0,637.0,637.0,629.0
642,2021.09.27,3440.0,35.0,3405.0,3800.0,3210.0,1878900.0,642.0,642.0,638.0,638.0,638.0,630.0
643,2021.09.24,3405.0,55.0,3495.0,3500.0,3385.0,327546.0,643.0,643.0,639.0,639.0,639.0,631.0
644,2021.09.23,3460.0,55.0,3500.0,3555.0,3460.0,312702.0,644.0,644.0,640.0,640.0,640.0,632.0
645,2021.09.17,3515.0,40.0,3555.0,3580.0,3500.0,298076.0,645.0,645.0,641.0,641.0,641.0,633.0
646,2021.09.16,3555.0,35.0,3590.0,3610.0,3515.0,208270.0,646.0,646.0,642.0,642.0,642.0,634.0
647,2021.09.15,3590.0,10.0,3640.0,3640.0,3565.0,170454.0,647.0,647.0,643.0,643.0,643.0,635.0
648,2021.09.14,3600.0,70.0,3505.0,3610.0,3505.0,214418.0,648.0,648.0,644.0,644.0,644.0,636.0
649,2021.09.13,3530.0,70.0,3565.0,3605.0,3500.0,359486.0,649.0,649.0,645.0,645.0,645.0,637.0
650,2021.09.10,3600.0,20.0,3605.0,3620.0,3545.0,302485.0,650.0,650.0,646.0,646.0,646.0,638.0
651,2021.09.09,3620.0,0.0,3705.0,3750.0,3585.0,593033.0,651.0,651.0,647.0,647.0,647.0,639.0
652,2021.09.08,3620.0,50.0,3665.0,3770.0,3590.0,634312.0,652.0,652.0,648.0,648.0,648.0,640.0
653,2021.09.07,3670.0,40.0,3680.0,3710.0,3615.0,343358.0,653.0,653.0,649.0,649.0,649.0,641.0
654,2021.09.06,3710.0,70.0,3710.0,3755.0,3690.0,465278.0,654.0,654.0,650.0,650.0,650.0,642.0
655,2021.09.03,3780.0,60.0,3840.0,3875.0,3780.0,672004.0,655.0,655.0,651.0,651.0,651.0,643.0
656,2021.09.02,3840.0,10.0,3835.0,3940.0,3810.0,978912.0,656.0,656.0,652.0,652.0,652.0,644.0
657,2021.09.01,3830.0,100.0,3735.0,3930.0,3735.0,908356.0,657.0,657.0,653.0,653.0,653.0,645.0
658,2021.08.31,3730.0,0.0,3740.0,3795.0,3700.0,674878.0,658.0,658.0,654.0,654.0,654.0,646.0
659,2021.08.30,3730.0,55.0,3695.0,3830.0,3645.0,810595.0,659.0,659.0,655.0,655.0,655.0,647.0
660,2021.08.27,3675.0,130.0,3565.0,3985.0,3555.0,6213572.0,660.0,660.0,656.0,656.0,656.0,648.0
661,2021.08.26,3545.0,10.0,3535.0,3700.0,3495.0,835027.0,661.0,661.0,657.0,657.0,657.0,649.0
662,2021.08.25,3535.0,20.0,3570.0,3575.0,3455.0,366826.0,662.0,662.0,658.0,658.0,658.0,650.0
663,2021.08.24,3515.0,110.0,3435.0,3520.0,3435.0,389924.0,663.0,663.0,659.0,659.0,659.0,651.0
664,2021.08.23,3405.0,155.0,3230.0,3445.0,3230.0,711864.0,664.0,664.0,660.0,660.0,660.0,652.0
665,2021.08.20,3250.0,120.0,3375.0,3435.0,3235.0,746728.0,665.0,665.0,661.0,661.0,661.0,653.0
666,2021.08.19,3370.0,230.0,3600.0,3600.0,3285.0,1014788.0,666.0,666.0,662.0,662.0,662.0,654.0
667,2021.08.18,3600.0,70.0,3455.0,3670.0,3390.0,517567.0,667.0,667.0,663.0,663.0,663.0,655.0
668,2021.08.17,3530.0,190.0,3770.0,3770.0,3530.0,773377.0,668.0,668.0,664.0,664.0,664.0,656.0
669,2021.08.13,3720.0,110.0,3830.0,3850.0,3650.0,817356.0,669.0,669.0,665.0,665.0,665.0,657.0
670,2021.08.12,3830.0,60.0,3890.0,3910.0,3810.0,619978.0,670.0,670.0,666.0,666.0,666.0,658.0
671,2021.08.11,3890.0,0.0,3870.0,4000.0,3860.0,524222.0,671.0,671.0,667.0,667.0,667.0,659.0
672,2021.08.10,3890.0,25.0,3915.0,3985.0,3875.0,562799.0,672.0,672.0,668.0,668.0,668.0,660.0
673,2021.08.09,3915.0,30.0,3915.0,3980.0,3880.0,671643.0,673.0,673.0,669.0,669.0,669.0,661.0
674,2021.08.06,3945.0,50.0,3995.0,4020.0,3930.0,562782.0,674.0,674.0,670.0,670.0,670.0,662.0
675,2021.08.05,3995.0,0.0,3970.0,4030.0,3970.0,378601.0,675.0,675.0,671.0,671.0,671.0,663.0
676,2021.08.04,3995.0,95.0,3935.0,4015.0,3920.0,513086.0,676.0,676.0,672.0,672.0,672.0,664.0
677,2021.08.03,3900.0,80.0,3965.0,4020.0,3900.0,915267.0,677.0,677.0,673.0,673.0,673.0,665.0
678,2021.08.02,3980.0,115.0,4180.0,4185.0,3980.0,1066582.0,678.0,678.0,674.0,674.0,674.0,666.0
679,2021.07.30,4095.0,105.0,4235.0,4290.0,4080.0,2274964.0,679.0,679.0,675.0,675.0,675.0,667.0
680,2021.07.29,4200.0,70.0,4100.0,4295.0,4100.0,2543008.0,680.0,680.0,676.0,676.0,676.0,668.0
681,2021.07.28,4130.0,40.0,4155.0,4240.0,4080.0,1259293.0,681.0,681.0,677.0,677.0,677.0,669.0
682,2021.07.27,4170.0,75.0,4245.0,4360.0,4160.0,5177252.0,682.0,682.0,678.0,678.0,678.0,670.0
683,2021.07.26,4245.0,195.0,4050.0,4435.0,4050.0,17994402.0,683.0,683.0,679.0,679.0,679.0,671.0
684,2021.07.23,4050.0,90.0,4085.0,4150.0,4040.0,1275393.0,684.0,684.0,680.0,680.0,680.0,672.0
685,2021.07.22,4140.0,5.0,4120.0,4220.0,4080.0,1919249.0,685.0,685.0,681.0,681.0,681.0,673.0
686,2021.07.21,4135.0,105.0,4035.0,4360.0,3975.0,7579826.0,686.0,686.0,682.0,682.0,682.0,674.0
687,2021.07.20,4030.0,115.0,3860.0,4690.0,3855.0,28392178.0,687.0,687.0,683.0,683.0,683.0,675.0
688,2021.07.19,3915.0,80.0,3965.0,3990.0,3910.0,560782.0,688.0,688.0,684.0,684.0,684.0,676.0
689,2021.07.16,3995.0,25.0,3970.0,4030.0,3930.0,472427.0,689.0,689.0,685.0,685.0,685.0,677.0
690,2021.07.15,3970.0,0.0,3980.0,4000.0,3945.0,444290.0,690.0,690.0,686.0,686.0,686.0,678.0
691,2021.07.14,3970.0,50.0,3995.0,4015.0,3950.0,532799.0,691.0,691.0,687.0,687.0,687.0,679.0
692,2021.07.13,4020.0,5.0,4025.0,4055.0,3990.0,498686.0,692.0,692.0,688.0,688.0,688.0,680.0
693,2021.07.12,4015.0,45.0,3990.0,4030.0,3970.0,452401.0,693.0,693.0,689.0,689.0,689.0,681.0
694,2021.07.09,3970.0,20.0,3970.0,4015.0,3905.0,847648.0,694.0,694.0,690.0,690.0,690.0,682.0
695,2021.07.08,3990.0,50.0,4060.0,4065.0,3940.0,868394.0,695.0,695.0,691.0,691.0,691.0,683.0
696,2021.07.07,4040.0,25.0,4015.0,4040.0,3990.0,725166.0,696.0,696.0,692.0,692.0,692.0,684.0
697,2021.07.06,4015.0,5.0,4040.0,4110.0,4005.0,888467.0,697.0,697.0,693.0,693.0,693.0,685.0
698,2021.07.05,4020.0,75.0,4065.0,4090.0,4005.0,794291.0,698.0,698.0,694.0,694.0,694.0,686.0
699,2021.07.02,4095.0,15.0,4085.0,4120.0,3980.0,1526946.0,699.0,699.0,695.0,695.0,695.0,687.0
700,2021.07.01,4080.0,40.0,4135.0,4145.0,4060.0,726030.0,700.0,700.0,696.0,696.0,696.0,688.0
701,2021.06.30,4120.0,10.0,4115.0,4145.0,4060.0,1148025.0,701.0,701.0,697.0,697.0,697.0,689.0
702,2021.06.29,4110.0,200.0,4310.0,4360.0,4060.0,2901826.0,702.0,702.0,698.0,698.0,698.0,690.0
703,2021.06.28,4310.0,180.0,4130.0,4365.0,4130.0,2566710.0,703.0,703.0,699.0,699.0,699.0,691.0
704,2021.06.25,4130.0,70.0,4225.0,4255.0,4115.0,1113487.0,704.0,704.0,700.0,700.0,700.0,692.0
705,2021.06.24,4200.0,100.0,4105.0,4305.0,4050.0,3135674.0,705.0,705.0,701.0,701.0,701.0,693.0
706,2021.06.23,4100.0,30.0,4170.0,4180.0,4060.0,814287.0,706.0,706.0,702.0,702.0,702.0,694.0
707,2021.06.22,4130.0,15.0,4145.0,4220.0,4050.0,1560428.0,707.0,707.0,703.0,703.0,703.0,695.0
708,2021.06.21,4145.0,340.0,4200.0,4270.0,4110.0,3390789.0,708.0,708.0,704.0,704.0,704.0,696.0
709,2021.06.18,4485.0,100.0,4405.0,4495.0,4350.0,1772850.0,709.0,709.0,705.0,705.0,705.0,697.0
710,2021.06.17,4385.0,20.0,4390.0,4455.0,4335.0,1069176.0,710.0,710.0,706.0,706.0,706.0,698.0
711,2021.06.16,4405.0,100.0,4320.0,4425.0,4285.0,1573635.0,711.0,711.0,707.0,707.0,707.0,699.0
712,2021.06.15,4305.0,75.0,4235.0,4345.0,4185.0,1440274.0,712.0,712.0,708.0,708.0,708.0,700.0
713,2021.06.14,4230.0,115.0,4120.0,4235.0,4120.0,1098899.0,713.0,713.0,709.0,709.0,709.0,701.0
714,2021.06.11,4115.0,165.0,3970.0,4115.0,3935.0,1470928.0,714.0,714.0,710.0,710.0,710.0,702.0
715,2021.06.10,3950.0,260.0,4210.0,4245.0,3790.0,2928449.0,715.0,715.0,711.0,711.0,711.0,703.0
716,2021.06.09,4210.0,0.0,4215.0,4370.0,4180.0,1956471.0,716.0,716.0,712.0,712.0,712.0,704.0
717,2021.06.08,4210.0,25.0,4170.0,4280.0,4100.0,1784500.0,717.0,717.0,713.0,713.0,713.0,705.0
718,2021.06.07,4185.0,125.0,4340.0,4355.0,4175.0,2009359.0,718.0,718.0,714.0,714.0,714.0,706.0
719,2021.06.04,4310.0,90.0,4505.0,4555.0,4305.0,4249984.0,719.0,719.0,715.0,715.0,715.0,707.0
720,2021.06.03,4400.0,105.0,4480.0,4495.0,4350.0,2940382.0,720.0,720.0,716.0,716.0,716.0,708.0
721,2021.06.02,4505.0,100.0,4620.0,4690.0,4450.0,5390602.0,721.0,721.0,717.0,717.0,717.0,709.0
722,2021.06.01,4605.0,155.0,4490.0,4925.0,4430.0,28881294.0,722.0,722.0,718.0,718.0,718.0,710.0
723,2021.05.31,4450.0,85.0,4395.0,4555.0,4375.0,7231631.0,723.0,723.0,719.0,719.0,719.0,711.0
724,2021.05.28,4365.0,195.0,4215.0,4715.0,4180.0,25021640.0,724.0,724.0,720.0,720.0,720.0,712.0
725,2021.05.27,4170.0,35.0,4170.0,4190.0,4110.0,1164258.0,725.0,725.0,721.0,721.0,721.0,713.0
726,2021.05.26,4135.0,130.0,4035.0,4150.0,4010.0,992965.0,726.0,726.0,722.0,722.0,722.0,714.0
727,2021.05.25,4005.0,10.0,3990.0,4065.0,3985.0,761415.0,727.0,727.0,723.0,723.0,723.0,715.0
728,2021.05.24,3995.0,70.0,4085.0,4095.0,3970.0,998204.0,728.0,728.0,724.0,724.0,724.0,716.0
729,2021.05.21,4065.0,175.0,4210.0,4270.0,4060.0,1427345.0,729.0,729.0,725.0,725.0,725.0,717.0
730,2021.05.20,4240.0,185.0,4065.0,4290.0,4045.0,3707546.0,730.0,730.0,726.0,726.0,726.0,718.0
731,2021.05.18,4055.0,75.0,4100.0,4125.0,3980.0,1764419.0,731.0,731.0,727.0,727.0,727.0,719.0
732,2021.05.17,3980.0,135.0,4180.0,4270.0,3970.0,2448415.0,732.0,732.0,728.0,728.0,728.0,720.0
733,2021.05.14,4115.0,45.0,4160.0,4205.0,4085.0,1408819.0,733.0,733.0,729.0,729.0,729.0,721.0
734,2021.05.13,4160.0,70.0,4205.0,4315.0,4060.0,1797118.0,734.0,734.0,730.0,730.0,730.0,722.0
735,2021.05.12,4230.0,15.0,4245.0,4345.0,4145.0,2210659.0,735.0,735.0,731.0,731.0,731.0,723.0
736,2021.05.11,4245.0,140.0,4150.0,4365.0,4145.0,5650267.0,736.0,736.0,732.0,732.0,732.0,724.0
737,2021.05.10,4105.0,5.0,4135.0,4205.0,4095.0,1276152.0,737.0,737.0,733.0,733.0,733.0,725.0
738,2021.05.07,4110.0,110.0,4010.0,4190.0,3955.0,2666708.0,738.0,738.0,734.0,734.0,734.0,726.0
739,2021.05.06,4000.0,20.0,3995.0,4125.0,3980.0,1085928.0,739.0,739.0,735.0,735.0,735.0,727.0
740,2021.05.04,3980.0,80.0,4095.0,4125.0,3850.0,1727296.0,740.0,740.0,736.0,736.0,736.0,728.0
741,2021.05.03,4060.0,30.0,4105.0,4200.0,4035.0,1507825.0,741.0,741.0,737.0,737.0,737.0,729.0
742,2021.04.30,4030.0,155.0,4215.0,4245.0,4030.0,1620813.0,742.0,742.0,738.0,738.0,738.0,730.0
743,2021.04.29,4185.0,85.0,4245.0,4370.0,4170.0,3746327.0,743.0,743.0,739.0,739.0,739.0,731.0
744,2021.04.28,4270.0,275.0,4050.0,4615.0,4010.0,30617520.0,744.0,744.0,740.0,740.0,740.0,732.0
745,2021.04.27,3995.0,95.0,4090.0,4115.0,3980.0,1911699.0,745.0,745.0,741.0,741.0,741.0,733.0
746,2021.04.26,4090.0,80.0,4150.0,4215.0,4090.0,1564634.0,746.0,746.0,742.0,742.0,742.0,734.0
747,2021.04.23,4170.0,15.0,4185.0,4300.0,4050.0,3466100.0,747.0,747.0,743.0,743.0,743.0,735.0
748,2021.04.22,4185.0,135.0,4370.0,4375.0,4170.0,1774535.0,748.0,748.0,744.0,744.0,744.0,736.0
749,2021.04.21,4320.0,90.0,4385.0,4435.0,4255.0,2157309.0,749.0,749.0,745.0,745.0,745.0,737.0
750,2021.04.20,4410.0,240.0,4200.0,4500.0,4050.0,8486023.0,750.0,750.0,746.0,746.0,746.0,738.0
751,2021.04.19,4170.0,55.0,4345.0,4375.0,4135.0,2502874.0,751.0,751.0,747.0,747.0,747.0,739.0
752,2021.04.16,4225.0,75.0,4330.0,4455.0,4180.0,3853687.0,752.0,752.0,748.0,748.0,748.0,740.0
753,2021.04.15,4300.0,380.0,4765.0,4765.0,4205.0,6442567.0,753.0,753.0,749.0,749.0,749.0,741.0
754,2021.04.14,4680.0,60.0,4740.0,5050.0,4670.0,9290103.0,754.0,754.0,750.0,750.0,750.0,742.0
755,2021.04.13,4740.0,235.0,4685.0,5140.0,4685.0,25977814.0,755.0,755.0,751.0,751.0,751.0,743.0
756,2021.04.12,4505.0,185.0,4625.0,4710.0,4495.0,4202896.0,756.0,756.0,752.0,752.0,752.0,744.0
757,2021.04.09,4690.0,140.0,4450.0,4960.0,4385.0,13954378.0,757.0,757.0,753.0,753.0,753.0,745.0
758,2021.04.08,4550.0,35.0,4725.0,5190.0,4525.0,22076050.0,758.0,758.0,754.0,754.0,754.0,746.0
759,2021.04.07,4585.0,395.0,4190.0,4995.0,4140.0,54059709.0,759.0,759.0,755.0,755.0,755.0,747.0
760,2021.04.06,4190.0,50.0,4240.0,4265.0,4035.0,6745032.0,760.0,760.0,756.0,756.0,756.0,748.0
761,2021.04.05,4240.0,230.0,4015.0,4545.0,3970.0,28643695.0,761.0,761.0,757.0,757.0,757.0,749.0
762,2021.04.02,4010.0,25.0,4075.0,4180.0,3850.0,17897046.0,762.0,762.0,758.0,758.0,758.0,750.0
763,2021.04.01,3985.0,675.0,3370.0,4190.0,3350.0,69133370.0,763.0,763.0,759.0,759.0,759.0,751.0
764,2021.03.31,3310.0,80.0,3435.0,3485.0,3310.0,4427790.0,764.0,764.0,760.0,760.0,760.0,752.0
765,2021.03.30,3390.0,40.0,3345.0,3455.0,3275.0,5582926.0,765.0,765.0,761.0,761.0,761.0,753.0
766,2021.03.29,3350.0,270.0,3070.0,3435.0,3070.0,16743469.0,766.0,766.0,762.0,762.0,762.0,754.0
767,2021.03.26,3080.0,130.0,3170.0,3195.0,3065.0,2733698.0,767.0,767.0,763.0,763.0,763.0,755.0
768,2021.03.25,3210.0,15.0,3175.0,3330.0,3120.0,8552657.0,768.0,768.0,764.0,764.0,764.0,756.0
769,2021.03.24,3225.0,215.0,3010.0,3575.0,3010.0,45726332.0,769.0,769.0,765.0,765.0,765.0,757.0
770,2021.03.23,3010.0,80.0,3115.0,3115.0,2985.0,2332241.0,770.0,770.0,766.0,766.0,766.0,758.0
771,2021.03.22,3090.0,115.0,2985.0,3120.0,2970.0,6085232.0,771.0,771.0,767.0,767.0,767.0,759.0
772,2021.03.19,2975.0,20.0,2940.0,2985.0,2900.0,1355787.0,772.0,772.0,768.0,768.0,768.0,760.0
773,2021.03.18,2955.0,15.0,2975.0,3035.0,2920.0,2155344.0,773.0,773.0,769.0,769.0,769.0,761.0
774,2021.03.17,2970.0,65.0,2930.0,3080.0,2865.0,3734991.0,774.0,774.0,770.0,770.0,770.0,762.0
775,2021.03.16,2905.0,90.0,2970.0,3010.0,2905.0,2695839.0,775.0,775.0,771.0,771.0,771.0,763.0
776,2021.03.15,2995.0,75.0,2920.0,3000.0,2895.0,2734313.0,776.0,776.0,772.0,772.0,772.0,764.0
777,2021.03.12,2920.0,95.0,2830.0,2920.0,2825.0,2358640.0,777.0,777.0,773.0,773.0,773.0,765.0
778,2021.03.11,2825.0,55.0,2910.0,2950.0,2800.0,2970214.0,778.0,778.0,774.0,774.0,774.0,766.0
779,2021.03.10,2880.0,55.0,2960.0,2960.0,2800.0,4671383.0,779.0,779.0,775.0,775.0,775.0,767.0
780,2021.03.09,2935.0,415.0,3275.0,3490.0,2895.0,23902712.0,780.0,780.0,776.0,776.0,776.0,768.0
781,2021.03.08,3350.0,635.0,2725.0,3500.0,2725.0,64753851.0,781.0,781.0,777.0,777.0,777.0,769.0
782,2021.03.05,2715.0,80.0,2610.0,2835.0,2585.0,3185188.0,782.0,782.0,778.0,778.0,778.0,770.0
783,2021.03.04,2635.0,75.0,2535.0,3000.0,2535.0,7000520.0,783.0,783.0,779.0,779.0,779.0,771.0
784,2021.03.03,2560.0,20.0,2515.0,2570.0,2515.0,179326.0,784.0,784.0,780.0,780.0,780.0,772.0
785,2021.03.02,2540.0,10.0,2560.0,2580.0,2535.0,232522.0,785.0,785.0,781.0,781.0,781.0,773.0
786,2021.02.26,2550.0,70.0,2580.0,2600.0,2535.0,517675.0,786.0,786.0,782.0,782.0,782.0,774.0
787,2021.02.25,2620.0,5.0,2625.0,2645.0,2605.0,323211.0,787.0,787.0,783.0,783.0,783.0,775.0
788,2021.02.24,2615.0,40.0,2670.0,2685.0,2605.0,325248.0,788.0,788.0,784.0,784.0,784.0,776.0
789,2021.02.23,2655.0,5.0,2620.0,2675.0,2620.0,236148.0,789.0,789.0,785.0,785.0,785.0,777.0
790,2021.02.22,2650.0,40.0,2680.0,2690.0,2650.0,298093.0,790.0,790.0,786.0,786.0,786.0,778.0
791,2021.02.19,2690.0,15.0,2700.0,2705.0,2660.0,405922.0,791.0,791.0,787.0,787.0,787.0,779.0
792,2021.02.18,2705.0,10.0,2705.0,2720.0,2690.0,258568.0,792.0,792.0,788.0,788.0,788.0,780.0
793,2021.02.17,2695.0,25.0,2720.0,2740.0,2690.0,326094.0,793.0,793.0,789.0,789.0,789.0,781.0
794,2021.02.16,2720.0,35.0,2675.0,2745.0,2675.0,489417.0,794.0,794.0,790.0,790.0,790.0,782.0
795,2021.02.15,2685.0,5.0,2700.0,2710.0,2680.0,297845.0,795.0,795.0,791.0,791.0,791.0,783.0
796,2021.02.10,2680.0,45.0,2730.0,2735.0,2670.0,440693.0,796.0,796.0,792.0,792.0,792.0,784.0
797,2021.02.09,2725.0,55.0,2785.0,2800.0,2725.0,301698.0,797.0,797.0,793.0,793.0,793.0,785.0
798,2021.02.08,2780.0,15.0,2790.0,2800.0,2750.0,375769.0,798.0,798.0,794.0,794.0,794.0,786.0
799,2021.02.05,2765.0,65.0,2700.0,2800.0,2700.0,716121.0,799.0,799.0,795.0,795.0,795.0,787.0
800,2021.02.04,2700.0,20.0,2695.0,2730.0,2680.0,217444.0,800.0,800.0,796.0,796.0,796.0,788.0
801,2021.02.03,2720.0,5.0,2725.0,2745.0,2695.0,166792.0,801.0,801.0,797.0,797.0,797.0,789.0
802,2021.02.02,2725.0,65.0,2695.0,2745.0,2680.0,319169.0,802.0,802.0,798.0,798.0,798.0,790.0
803,2021.02.01,2660.0,35.0,2620.0,2710.0,2580.0,255765.0,803.0,803.0,799.0,799.0,799.0,791.0
804,2021.01.29,2625.0,85.0,2710.0,2725.0,2595.0,532492.0,804.0,804.0,800.0,800.0,800.0,792.0
805,2021.01.28,2710.0,50.0,2740.0,2755.0,2705.0,337942.0,805.0,805.0,801.0,801.0,801.0,793.0
806,2021.01.27,2760.0,15.0,2760.0,2760.0,2735.0,448405.0,806.0,806.0,802.0,802.0,802.0,794.0
807,2021.01.26,2745.0,15.0,2730.0,2750.0,2710.0,389802.0,807.0,807.0,803.0,803.0,803.0,795.0
808,2021.01.25,2730.0,5.0,2760.0,2765.0,2695.0,345825.0,808.0,808.0,804.0,804.0,804.0,796.0
809,2021.01.22,2735.0,5.0,2740.0,2740.0,2710.0,320861.0,809.0,809.0,805.0,805.0,805.0,797.0
810,2021.01.21,2730.0,0.0,2725.0,2750.0,2710.0,373462.0,810.0,810.0,806.0,806.0,806.0,798.0
811,2021.01.20,2730.0,30.0,2705.0,2750.0,2685.0,417170.0,811.0,811.0,807.0,807.0,807.0,799.0
812,2021.01.19,2700.0,5.0,2705.0,2725.0,2675.0,367925.0,812.0,812.0,808.0,808.0,808.0,800.0
813,2021.01.18,2705.0,0.0,2705.0,2725.0,2685.0,473245.0,813.0,813.0,809.0,809.0,809.0,801.0
814,2021.01.15,2705.0,5.0,2700.0,2710.0,2680.0,375762.0,814.0,814.0,810.0,810.0,810.0,802.0
815,2021.01.14,2700.0,10.0,2690.0,2730.0,2685.0,320561.0,815.0,815.0,811.0,811.0,811.0,803.0
816,2021.01.13,2690.0,5.0,2670.0,2720.0,2670.0,405255.0,816.0,816.0,812.0,812.0,812.0,804.0
817,2021.01.12,2685.0,20.0,2665.0,2715.0,2630.0,507710.0,817.0,817.0,813.0,813.0,813.0,805.0
818,2021.01.11,2665.0,55.0,2725.0,2725.0,2620.0,897701.0,818.0,818.0,814.0,814.0,814.0,806.0
819,2021.01.08,2720.0,15.0,2740.0,2745.0,2695.0,748293.0,819.0,819.0,815.0,815.0,815.0,807.0
820,2021.01.07,2735.0,40.0,2785.0,2790.0,2720.0,623395.0,820.0,820.0,816.0,816.0,816.0,808.0
821,2021.01.06,2775.0,30.0,2755.0,2775.0,2745.0,563336.0,821.0,821.0,817.0,817.0,817.0,809.0
822,2021.01.05,2745.0,15.0,2700.0,2745.0,2695.0,587663.0,822.0,822.0,818.0,818.0,818.0,810.0
823,2021.01.04,2730.0,25.0,2770.0,2780.0,2695.0,715806.0,823.0,823.0,819.0,819.0,819.0,811.0
824,2020.12.30,2755.0,70.0,2840.0,2845.0,2745.0,871881.0,824.0,824.0,820.0,820.0,820.0,812.0
825,2020.12.29,2825.0,130.0,2855.0,2860.0,2795.0,1039959.0,825.0,825.0,821.0,821.0,821.0,813.0
826,2020.12.28,2955.0,30.0,2980.0,2980.0,2915.0,1049054.0,826.0,826.0,822.0,822.0,822.0,814.0
827,2020.12.24,2925.0,55.0,2875.0,2930.0,2865.0,535815.0,827.0,827.0,823.0,823.0,823.0,815.0
828,2020.12.23,2870.0,20.0,2860.0,2895.0,2835.0,549254.0,828.0,828.0,824.0,824.0,824.0,816.0
829,2020.12.22,2850.0,100.0,2950.0,3015.0,2850.0,1060203.0,829.0,829.0,825.0,825.0,825.0,817.0
830,2020.12.21,2950.0,5.0,2970.0,3040.0,2930.0,959145.0,830.0,830.0,826.0,826.0,826.0,818.0
831,2020.12.18,2945.0,15.0,2970.0,2970.0,2925.0,515738.0,831.0,831.0,827.0,827.0,827.0,819.0
832,2020.12.17,2960.0,50.0,3000.0,3030.0,2940.0,1545343.0,832.0,832.0,828.0,828.0,828.0,820.0
833,2020.12.16,2910.0,30.0,2890.0,2950.0,2855.0,1503937.0,833.0,833.0,829.0,829.0,829.0,821.0
834,2020.12.15,2880.0,10.0,2935.0,2995.0,2840.0,1587852.0,834.0,834.0,830.0,830.0,830.0,822.0
835,2020.12.14,2890.0,75.0,2845.0,2920.0,2835.0,1486693.0,835.0,835.0,831.0,831.0,831.0,823.0
836,2020.12.11,2815.0,10.0,2825.0,2830.0,2790.0,505268.0,836.0,836.0,832.0,832.0,832.0,824.0
837,2020.12.10,2825.0,5.0,2835.0,2835.0,2770.0,573464.0,837.0,837.0,833.0,833.0,833.0,825.0
838,2020.12.09,2820.0,15.0,2820.0,2845.0,2805.0,332354.0,838.0,838.0,834.0,834.0,834.0,826.0
839,2020.12.08,2805.0,20.0,2870.0,2870.0,2805.0,425140.0,839.0,839.0,835.0,835.0,835.0,827.0
840,2020.12.07,2825.0,25.0,2800.0,2865.0,2790.0,698765.0,840.0,840.0,836.0,836.0,836.0,828.0
841,2020.12.04,2800.0,15.0,2830.0,2835.0,2775.0,562643.0,841.0,841.0,837.0,837.0,837.0,829.0
842,2020.12.03,2815.0,0.0,2830.0,2830.0,2785.0,536638.0,842.0,842.0,838.0,838.0,838.0,830.0
843,2020.12.02,2815.0,85.0,2740.0,2830.0,2740.0,822926.0,843.0,843.0,839.0,839.0,839.0,831.0
844,2020.12.01,2730.0,10.0,2760.0,2760.0,2725.0,375178.0,844.0,844.0,840.0,840.0,840.0,832.0
845,2020.11.30,2740.0,10.0,2750.0,2760.0,2720.0,446275.0,845.0,845.0,841.0,841.0,841.0,833.0
846,2020.11.27,2730.0,10.0,2755.0,2760.0,2710.0,357162.0,846.0,846.0,842.0,842.0,842.0,834.0
847,2020.11.26,2740.0,5.0,2720.0,2765.0,2720.0,357280.0,847.0,847.0,843.0,843.0,843.0,835.0
848,2020.11.25,2735.0,5.0,2770.0,2775.0,2710.0,825403.0,848.0,848.0,844.0,844.0,844.0,836.0
849,2020.11.24,2740.0,35.0,2705.0,2770.0,2690.0,710229.0,849.0,849.0,845.0,845.0,845.0,837.0
850,2020.11.23,2705.0,25.0,2730.0,2745.0,2685.0,657458.0,850.0,850.0,846.0,846.0,846.0,838.0
851,2020.11.20,2730.0,30.0,2785.0,2785.0,2695.0,478984.0,851.0,851.0,847.0,847.0,847.0,839.0
852,2020.11.19,2760.0,55.0,2725.0,2790.0,2710.0,789188.0,852.0,852.0,848.0,848.0,848.0,840.0
853,2020.11.18,2705.0,25.0,2680.0,2735.0,2675.0,597155.0,853.0,853.0,849.0,849.0,849.0,841.0
854,2020.11.17,2680.0,5.0,2685.0,2710.0,2650.0,392489.0,854.0,854.0,850.0,850.0,850.0,842.0
855,2020.11.16,2685.0,5.0,2690.0,2710.0,2675.0,581760.0,855.0,855.0,851.0,851.0,851.0,843.0
856,2020.11.13,2680.0,45.0,2645.0,2695.0,2630.0,518515.0,856.0,856.0,852.0,852.0,852.0,844.0
857,2020.11.12,2635.0,5.0,2655.0,2655.0,2605.0,438983.0,857.0,857.0,853.0,853.0,853.0,845.0
858,2020.11.11,2630.0,25.0,2665.0,2670.0,2615.0,371040.0,858.0,858.0,854.0,854.0,854.0,846.0
859,2020.11.10,2655.0,65.0,2605.0,2680.0,2585.0,987314.0,859.0,859.0,855.0,855.0,855.0,847.0
860,2020.11.09,2590.0,25.0,2565.0,2590.0,2555.0,377165.0,860.0,860.0,856.0,856.0,856.0,848.0
861,2020.11.06,2565.0,15.0,2595.0,2595.0,2555.0,201794.0,861.0,861.0,857.0,857.0,857.0,849.0
862,2020.11.05,2580.0,30.0,2555.0,2590.0,2550.0,246391.0,862.0,862.0,858.0,858.0,858.0,850.0
863,2020.11.04,2550.0,15.0,2565.0,2580.0,2540.0,185461.0,863.0,863.0,859.0,859.0,859.0,851.0
864,2020.11.03,2565.0,10.0,2550.0,2585.0,2545.0,208406.0,864.0,864.0,860.0,860.0,860.0,852.0
865,2020.11.02,2555.0,15.0,2580.0,2600.0,2550.0,142595.0,865.0,865.0,861.0,861.0,861.0,853.0
866,2020.10.30,2570.0,25.0,2600.0,2640.0,2570.0,449252.0,866.0,866.0,862.0,862.0,862.0,854.0
867,2020.10.29,2595.0,0.0,2545.0,2595.0,2535.0,326280.0,867.0,867.0,863.0,863.0,863.0,855.0
868,2020.10.28,2595.0,35.0,2560.0,2595.0,2560.0,144947.0,868.0,868.0,864.0,864.0,864.0,856.0
869,2020.10.27,2560.0,25.0,2530.0,2600.0,2530.0,244795.0,869.0,869.0,865.0,865.0,865.0,857.0
870,2020.10.26,2535.0,65.0,2600.0,2610.0,2520.0,407343.0,870.0,870.0,866.0,866.0,866.0,858.0
871,2020.10.23,2600.0,5.0,2610.0,2625.0,2585.0,223888.0,871.0,871.0,867.0,867.0,867.0,859.0
872,2020.10.22,2605.0,25.0,2585.0,2615.0,2580.0,187338.0,872.0,872.0,868.0,868.0,868.0,860.0
873,2020.10.21,2580.0,30.0,2560.0,2635.0,2560.0,366848.0,873.0,873.0,869.0,869.0,869.0,861.0
874,2020.10.20,2550.0,5.0,2520.0,2565.0,2515.0,147846.0,874.0,874.0,870.0,870.0,870.0,862.0
875,2020.10.19,2555.0,5.0,2545.0,2600.0,2545.0,145505.0,875.0,875.0,871.0,871.0,871.0,863.0
876,2020.10.16,2560.0,10.0,2565.0,2575.0,2530.0,333065.0,876.0,876.0,872.0,872.0,872.0,864.0
877,2020.10.15,2570.0,10.0,2580.0,2595.0,2545.0,329657.0,877.0,877.0,873.0,873.0,873.0,865.0
878,2020.10.14,2580.0,5.0,2590.0,2605.0,2555.0,259429.0,878.0,878.0,874.0,874.0,874.0,866.0
879,2020.10.13,2585.0,10.0,2600.0,2610.0,2565.0,327794.0,879.0,879.0,875.0,875.0,875.0,867.0
880,2020.10.12,2595.0,0.0,2605.0,2620.0,2565.0,273017.0,880.0,880.0,876.0,876.0,876.0,868.0
881,2020.10.08,2595.0,40.0,2665.0,2670.0,2580.0,335125.0,881.0,881.0,877.0,877.0,877.0,869.0
882,2020.10.07,2635.0,15.0,2635.0,2660.0,2620.0,156277.0,882.0,882.0,878.0,878.0,878.0,870.0
883,2020.10.06,2650.0,25.0,2650.0,2695.0,2615.0,333687.0,883.0,883.0,879.0,879.0,879.0,871.0
884,2020.10.05,2625.0,15.0,2625.0,2675.0,2600.0,324654.0,884.0,884.0,880.0,880.0,880.0,872.0
885,2020.09.29,2640.0,65.0,2580.0,2655.0,2580.0,281703.0,885.0,885.0,881.0,881.0,881.0,873.0
886,2020.09.28,2575.0,50.0,2555.0,2590.0,2540.0,198668.0,886.0,886.0,882.0,882.0,882.0,874.0
887,2020.09.25,2525.0,5.0,2535.0,2570.0,2500.0,362603.0,887.0,887.0,883.0,883.0,883.0,875.0
888,2020.09.24,2520.0,110.0,2550.0,2620.0,2515.0,473485.0,888.0,888.0,884.0,884.0,884.0,876.0
889,2020.09.23,2630.0,65.0,2570.0,2675.0,2545.0,429361.0,889.0,889.0,885.0,885.0,885.0,877.0
890,2020.09.22,2565.0,65.0,2630.0,2645.0,2545.0,589221.0,890.0,890.0,886.0,886.0,886.0,878.0
891,2020.09.21,2630.0,75.0,2695.0,2720.0,2615.0,584089.0,891.0,891.0,887.0,887.0,887.0,879.0
892,2020.09.18,2705.0,50.0,2765.0,2780.0,2670.0,631220.0,892.0,892.0,888.0,888.0,888.0,880.0
893,2020.09.17,2755.0,105.0,2885.0,2885.0,2735.0,901044.0,893.0,893.0,889.0,889.0,889.0,881.0
894,2020.09.16,2860.0,55.0,2910.0,2940.0,2845.0,1025278.0,894.0,894.0,890.0,890.0,890.0,882.0
895,2020.09.15,2915.0,125.0,2795.0,2935.0,2785.0,2339125.0,895.0,895.0,891.0,891.0,891.0,883.0
896,2020.09.14,2790.0,20.0,2820.0,2845.0,2780.0,625392.0,896.0,896.0,892.0,892.0,892.0,884.0
897,2020.09.11,2810.0,30.0,2775.0,2815.0,2745.0,503266.0,897.0,897.0,893.0,893.0,893.0,885.0
898,2020.09.10,2780.0,0.0,2825.0,2830.0,2760.0,455897.0,898.0,898.0,894.0,894.0,894.0,886.0
899,2020.09.09,2780.0,35.0,2710.0,2850.0,2680.0,1066967.0,899.0,899.0,895.0,895.0,895.0,887.0
900,2020.09.08,2745.0,80.0,2860.0,2860.0,2735.0,729952.0,900.0,900.0,896.0,896.0,896.0,888.0
901,2020.09.07,2825.0,80.0,2790.0,2930.0,2755.0,2187135.0,901.0,901.0,897.0,897.0,897.0,889.0
902,2020.09.04,2745.0,10.0,2645.0,2760.0,2640.0,883656.0,902.0,902.0,898.0,898.0,898.0,890.0
903,2020.09.03,2735.0,10.0,2740.0,2745.0,2700.0,423989.0,903.0,903.0,899.0,899.0,899.0,891.0
904,2020.09.02,2725.0,60.0,2695.0,2770.0,2680.0,913675.0,904.0,904.0,900.0,900.0,900.0,892.0
905,2020.09.01,2665.0,70.0,2750.0,2750.0,2665.0,595250.0,905.0,905.0,901.0,901.0,901.0,893.0
906,2020.08.31,2735.0,35.0,2730.0,2760.0,2665.0,732859.0,906.0,906.0,902.0,902.0,902.0,894.0
907,2020.08.28,2700.0,80.0,2770.0,2810.0,2695.0,1211223.0,907.0,907.0,903.0,903.0,903.0,895.0
908,2020.08.27,2780.0,50.0,2760.0,2800.0,2620.0,2519470.0,908.0,908.0,904.0,904.0,904.0,896.0
909,2020.08.26,2730.0,155.0,2590.0,2730.0,2575.0,2652303.0,909.0,909.0,905.0,905.0,905.0,897.0
910,2020.08.25,2575.0,75.0,2505.0,2615.0,2500.0,802339.0,910.0,910.0,906.0,906.0,906.0,898.0
911,2020.08.24,2500.0,0.0,2500.0,2530.0,2460.0,348366.0,911.0,911.0,907.0,907.0,907.0,899.0
912,2020.08.21,2500.0,100.0,2405.0,2530.0,2395.0,1239329.0,912.0,912.0,908.0,908.0,908.0,900.0
913,2020.08.20,2400.0,115.0,2505.0,2520.0,2380.0,852540.0,913.0,913.0,909.0,909.0,909.0,901.0
914,2020.08.19,2515.0,0.0,2515.0,2560.0,2485.0,512272.0,914.0,914.0,910.0,910.0,910.0,902.0
915,2020.08.18,2515.0,110.0,2640.0,2690.0,2470.0,1164224.0,915.0,915.0,911.0,911.0,911.0,903.0
916,2020.08.14,2625.0,35.0,2620.0,2635.0,2560.0,654521.0,916.0,916.0,912.0,912.0,912.0,904.0
917,2020.08.13,2590.0,15.0,2610.0,2625.0,2585.0,559611.0,917.0,917.0,913.0,913.0,913.0,905.0
918,2020.08.12,2605.0,50.0,2550.0,2625.0,2550.0,912346.0,918.0,918.0,914.0,914.0,914.0,906.0
919,2020.08.11,2555.0,40.0,2600.0,2615.0,2550.0,683031.0,919.0,919.0,915.0,915.0,915.0,907.0
920,2020.08.10,2595.0,15.0,2630.0,2635.0,2560.0,731037.0,920.0,920.0,916.0,916.0,916.0,908.0
921,2020.08.07,2610.0,50.0,2585.0,2625.0,2550.0,521170.0,921.0,921.0,917.0,917.0,917.0,909.0
922,2020.08.06,2560.0,35.0,2600.0,2600.0,2540.0,350059.0,922.0,922.0,918.0,918.0,918.0,910.0
923,2020.08.05,2595.0,65.0,2525.0,2630.0,2520.0,875747.0,923.0,923.0,919.0,919.0,919.0,911.0
924,2020.08.04,2530.0,25.0,2495.0,2545.0,2495.0,291597.0,924.0,924.0,920.0,920.0,920.0,912.0
925,2020.08.03,2505.0,55.0,2560.0,2570.0,2500.0,310399.0,925.0,925.0,921.0,921.0,921.0,913.0
926,2020.07.31,2560.0,10.0,2560.0,2570.0,2535.0,341542.0,926.0,926.0,922.0,922.0,922.0,914.0
927,2020.07.30,2570.0,15.0,2605.0,2610.0,2550.0,534850.0,927.0,927.0,923.0,923.0,923.0,915.0
928,2020.07.29,2585.0,80.0,2500.0,2590.0,2495.0,884060.0,928.0,928.0,924.0,924.0,924.0,916.0
929,2020.07.28,2505.0,15.0,2530.0,2540.0,2505.0,253728.0,929.0,929.0,925.0,925.0,925.0,917.0
930,2020.07.27,2520.0,10.0,2530.0,2560.0,2485.0,340797.0,930.0,930.0,926.0,926.0,926.0,918.0
931,2020.07.24,2510.0,5.0,2475.0,2540.0,2475.0,270310.0,931.0,931.0,927.0,927.0,927.0,919.0
932,2020.07.23,2505.0,25.0,2515.0,2545.0,2465.0,462558.0,932.0,932.0,928.0,928.0,928.0,920.0
933,2020.07.22,2530.0,35.0,2550.0,2570.0,2510.0,319972.0,933.0,933.0,929.0,929.0,929.0,921.0
934,2020.07.21,2565.0,15.0,2550.0,2580.0,2550.0,357842.0,934.0,934.0,930.0,930.0,930.0,922.0
935,2020.07.20,2550.0,30.0,2515.0,2555.0,2495.0,282860.0,935.0,935.0,931.0,931.0,931.0,923.0
936,2020.07.17,2520.0,5.0,2520.0,2545.0,2495.0,267045.0,936.0,936.0,932.0,932.0,932.0,924.0
937,2020.07.16,2525.0,40.0,2555.0,2570.0,2515.0,260750.0,937.0,937.0,933.0,933.0,933.0,925.0
938,2020.07.15,2565.0,15.0,2550.0,2570.0,2510.0,397443.0,938.0,938.0,934.0,934.0,934.0,926.0
939,2020.07.14,2550.0,5.0,2550.0,2550.0,2520.0,235096.0,939.0,939.0,935.0,935.0,935.0,927.0
940,2020.07.13,2555.0,5.0,2570.0,2585.0,2540.0,369928.0,940.0,940.0,936.0,936.0,936.0,928.0
941,2020.07.10,2550.0,5.0,2550.0,2560.0,2485.0,408346.0,941.0,941.0,937.0,937.0,937.0,929.0
942,2020.07.09,2545.0,45.0,2535.0,2570.0,2505.0,576206.0,942.0,942.0,938.0,938.0,938.0,930.0
943,2020.07.08,2500.0,10.0,2500.0,2545.0,2485.0,326251.0,943.0,943.0,939.0,939.0,939.0,931.0
944,2020.07.07,2490.0,10.0,2490.0,2525.0,2460.0,425952.0,944.0,944.0,940.0,940.0,940.0,932.0
945,2020.07.06,2500.0,40.0,2510.0,2510.0,2465.0,269987.0,945.0,945.0,941.0,941.0,941.0,933.0
946,2020.07.03,2460.0,65.0,2420.0,2480.0,2380.0,338740.0,946.0,946.0,942.0,942.0,942.0,934.0
947,2020.07.02,2395.0,0.0,2415.0,2435.0,2380.0,191620.0,947.0,947.0,943.0,943.0,943.0,935.0
948,2020.07.01,2395.0,15.0,2385.0,2425.0,2365.0,369362.0,948.0,948.0,944.0,944.0,944.0,936.0
949,2020.06.30,2380.0,45.0,2440.0,2455.0,2365.0,513512.0,949.0,949.0,945.0,945.0,945.0,937.0
950,2020.06.29,2425.0,105.0,2470.0,2480.0,2425.0,400563.0,950.0,950.0,946.0,946.0,946.0,938.0
951,2020.06.26,2530.0,30.0,2520.0,2580.0,2490.0,500886.0,951.0,951.0,947.0,947.0,947.0,939.0
952,2020.06.25,2500.0,20.0,2505.0,2520.0,2470.0,378617.0,952.0,952.0,948.0,948.0,948.0,940.0
953,2020.06.24,2520.0,50.0,2600.0,2685.0,2510.0,1600503.0,953.0,953.0,949.0,949.0,949.0,941.0
954,2020.06.23,2470.0,15.0,2460.0,2475.0,2430.0,435476.0,954.0,954.0,950.0,950.0,950.0,942.0
955,2020.06.22,2455.0,15.0,2480.0,2530.0,2405.0,377422.0,955.0,955.0,951.0,951.0,951.0,943.0
956,2020.06.19,2470.0,5.0,2525.0,2530.0,2455.0,697880.0,956.0,956.0,952.0,952.0,952.0,944.0
957,2020.06.18,2465.0,160.0,2330.0,2540.0,2305.0,866683.0,957.0,957.0,953.0,953.0,953.0,945.0
958,2020.06.17,2305.0,25.0,2305.0,2385.0,2280.0,301729.0,958.0,958.0,954.0,954.0,954.0,946.0
959,2020.06.16,2330.0,90.0,2250.0,2375.0,2250.0,327542.0,959.0,959.0,955.0,955.0,955.0,947.0
960,2020.06.15,2240.0,145.0,2370.0,2385.0,2240.0,444592.0,960.0,960.0,956.0,956.0,956.0,948.0
961,2020.06.12,2385.0,30.0,2325.0,2385.0,2280.0,418577.0,961.0,961.0,957.0,957.0,957.0,949.0
962,2020.06.11,2415.0,35.0,2435.0,2465.0,2410.0,324234.0,962.0,962.0,958.0,958.0,958.0,950.0
963,2020.06.10,2450.0,10.0,2445.0,2460.0,2420.0,261938.0,963.0,963.0,959.0,959.0,959.0,951.0
964,2020.06.09,2460.0,20.0,2430.0,2465.0,2410.0,400799.0,964.0,964.0,960.0,960.0,960.0,952.0
965,2020.06.08,2440.0,5.0,2460.0,2460.0,2420.0,310124.0,965.0,965.0,961.0,961.0,961.0,953.0
966,2020.06.05,2435.0,0.0,2435.0,2450.0,2400.0,445659.0,966.0,966.0,962.0,962.0,962.0,954.0
967,2020.06.04,2435.0,5.0,2450.0,2450.0,2415.0,385883.0,967.0,967.0,963.0,963.0,963.0,955.0
968,2020.06.03,2440.0,10.0,2430.0,2460.0,2420.0,598413.0,968.0,968.0,964.0,964.0,964.0,956.0
969,2020.06.02,2430.0,15.0,2445.0,2450.0,2410.0,321961.0,969.0,969.0,965.0,965.0,965.0,957.0
970,2020.06.01,2415.0,10.0,2440.0,2455.0,2400.0,499885.0,970.0,970.0,966.0,966.0,966.0,958.0
971,2020.05.29,2405.0,40.0,2440.0,2460.0,2380.0,354850.0,971.0,971.0,967.0,967.0,967.0,959.0
972,2020.05.28,2445.0,50.0,2500.0,2520.0,2415.0,476286.0,972.0,972.0,968.0,968.0,968.0,960.0
973,2020.05.27,2495.0,0.0,2510.0,2510.0,2470.0,372759.0,973.0,973.0,969.0,969.0,969.0,961.0
974,2020.05.26,2495.0,20.0,2475.0,2500.0,2430.0,596587.0,974.0,974.0,970.0,970.0,970.0,962.0
975,2020.05.25,2475.0,75.0,2545.0,2545.0,2455.0,682033.0,975.0,975.0,971.0,971.0,971.0,963.0
976,2020.05.22,2550.0,30.0,2580.0,2595.0,2540.0,413477.0,976.0,976.0,972.0,972.0,972.0,964.0
977,2020.05.21,2580.0,10.0,2605.0,2605.0,2565.0,412302.0,977.0,977.0,973.0,973.0,973.0,965.0
978,2020.05.20,2590.0,10.0,2595.0,2620.0,2535.0,766898.0,978.0,978.0,974.0,974.0,974.0,966.0
979,2020.05.19,2580.0,70.0,2690.0,2695.0,2530.0,951014.0,979.0,979.0,975.0,975.0,975.0,967.0
980,2020.05.18,2650.0,0.0,2650.0,2725.0,2510.0,1420801.0,980.0,980.0,976.0,976.0,976.0,968.0
981,2020.05.15,2690.0,0.0,0.0,0.0,0.0,0.0,981.0,981.0,977.0,977.0,977.0,969.0
982,2020.05.14,2690.0,0.0,0.0,0.0,0.0,0.0,982.0,982.0,978.0,978.0,978.0,970.0
983,2020.05.13,2690.0,0.0,0.0,0.0,0.0,0.0,983.0,983.0,979.0,979.0,979.0,971.0
984,2020.05.12,2690.0,0.0,0.0,0.0,0.0,0.0,984.0,984.0,980.0,980.0,980.0,972.0
985,2020.05.11,2690.0,0.0,0.0,0.0,0.0,0.0,985.0,985.0,981.0,981.0,981.0,973.0
986,2020.05.08,2690.0,0.0,0.0,0.0,0.0,0.0,986.0,986.0,982.0,982.0,982.0,974.0
987,2020.05.07,2690.0,0.0,0.0,0.0,0.0,0.0,987.0,987.0,983.0,983.0,983.0,975.0
988,2020.05.06,2690.0,0.0,0.0,0.0,0.0,0.0,988.0,988.0,984.0,984.0,984.0,976.0
989,2020.05.04,2690.0,0.0,0.0,0.0,0.0,0.0,989.0,989.0,985.0,985.0,985.0,977.0
990,2020.04.29,2690.0,0.0,0.0,0.0,0.0,0.0,990.0,990.0,986.0,986.0,986.0,978.0
991,2020.04.28,2690.0,0.0,0.0,0.0,0.0,0.0,991.0,991.0,987.0,987.0,987.0,979.0
992,2020.04.27,2690.0,0.0,0.0,0.0,0.0,0.0,992.0,992.0,988.0,988.0,988.0,980.0
993,2020.04.24,2690.0,0.0,0.0,0.0,0.0,0.0,993.0,993.0,989.0,989.0,989.0,981.0
994,2020.04.23,2690.0,85.0,2595.0,2750.0,2595.0,2151398.0,994.0,994.0,990.0,990.0,990.0,982.0
995,2020.04.22,2605.0,15.0,2600.0,2630.0,2550.0,716081.0,995.0,995.0,991.0,991.0,991.0,983.0
996,2020.04.21,2620.0,40.0,2655.0,2660.0,2515.0,1270687.0,996.0,996.0,992.0,992.0,992.0,984.0
997,2020.04.20,2660.0,45.0,2625.0,2665.0,2590.0,988141.0,997.0,997.0,993.0,993.0,993.0,985.0
998,2020.04.17,2615.0,15.0,2610.0,2630.0,2580.0,882665.0,998.0,998.0,994.0,994.0,994.0,986.0
999,2020.04.16,2600.0,70.0,2550.0,2630.0,2510.0,1092693.0,999.0,999.0,995.0,995.0,995.0,987.0
1000,2020.04.14,2530.0,5.0,2525.0,2555.0,2505.0,479530.0,1000.0,1000.0,996.0,996.0,996.0,988.0
1001,2020.04.13,2525.0,15.0,2560.0,2565.0,2510.0,351171.0,1001.0,1001.0,997.0,997.0,997.0,989.0
1002,2020.04.10,2540.0,25.0,2565.0,2565.0,2495.0,723985.0,1002.0,1002.0,998.0,998.0,998.0,990.0
1003,2020.04.09,2565.0,10.0,2605.0,2605.0,2550.0,573207.0,1003.0,1003.0,999.0,999.0,999.0,991.0
1004,2020.04.08,2555.0,30.0,2590.0,2650.0,2550.0,1818159.0,1004.0,1004.0,1000.0,1000.0,1000.0,992.0
1005,2020.04.07,2525.0,55.0,2515.0,2555.0,2460.0,1100368.0,1005.0,1005.0,1001.0,1001.0,1001.0,993.0
1006,2020.04.06,2470.0,65.0,2455.0,2490.0,2405.0,997024.0,1006.0,1006.0,1002.0,1002.0,1002.0,994.0
1007,2020.04.03,2405.0,15.0,2470.0,2470.0,2380.0,672971.0,1007.0,1007.0,1003.0,1003.0,1003.0,995.0
1008,2020.04.02,2420.0,70.0,2325.0,2475.0,2320.0,1299391.0,1008.0,1008.0,1004.0,1004.0,1004.0,996.0
1009,2020.04.01,2350.0,100.0,2450.0,2490.0,2350.0,1574652.0,1009.0,1009.0,1005.0,1005.0,1005.0,997.0
1010,2020.03.31,2450.0,130.0,2725.0,2725.0,2440.0,5062965.0,1010.0,1010.0,1006.0,1006.0,1006.0,998.0
1011,2020.03.30,2580.0,300.0,2320.0,2720.0,2270.0,7951848.0,1011.0,1011.0,1007.0,1007.0,1007.0,999.0
1012,2020.03.27,2280.0,5.0,2340.0,2365.0,2220.0,997454.0,1012.0,1012.0,1008.0,1008.0,1008.0,1000.0
1013,2020.03.26,2285.0,45.0,2265.0,2335.0,2215.0,1074898.0,1013.0,1013.0,1009.0,1009.0,1009.0,1001.0
1014,2020.03.25,2240.0,50.0,2250.0,2300.0,2195.0,889327.0,1014.0,1014.0,1010.0,1010.0,1010.0,1002.0
1015,2020.03.24,2190.0,85.0,2130.0,2210.0,2130.0,420064.0,1015.0,1015.0,1011.0,1011.0,1011.0,1003.0
1016,2020.03.23,2105.0,15.0,2035.0,2135.0,2035.0,447601.0,1016.0,1016.0,1012.0,1012.0,1012.0,1004.0
1017,2020.03.20,2120.0,80.0,2050.0,2150.0,2050.0,765449.0,1017.0,1017.0,1013.0,1013.0,1013.0,1005.0
1018,2020.03.19,2040.0,190.0,2235.0,2295.0,2025.0,1286934.0,1018.0,1018.0,1014.0,1014.0,1014.0,1006.0
1019,2020.03.18,2230.0,10.0,2250.0,2360.0,2230.0,796375.0,1019.0,1019.0,1015.0,1015.0,1015.0,1007.0
1020,2020.03.17,2240.0,35.0,2105.0,2350.0,2105.0,1470860.0,1020.0,1020.0,1016.0,1016.0,1016.0,1008.0
1021,2020.03.16,2205.0,100.0,2105.0,2390.0,2105.0,1398994.0,1021.0,1021.0,1017.0,1017.0,1017.0,1009.0
1022,2020.03.13,2105.0,170.0,2100.0,2180.0,2000.0,1419806.0,1022.0,1022.0,1018.0,1018.0,1018.0,1010.0
1023,2020.03.12,2275.0,140.0,2410.0,2410.0,2265.0,873179.0,1023.0,1023.0,1019.0,1019.0,1019.0,1011.0
1024,2020.03.11,2415.0,0.0,2410.0,2440.0,2335.0,612905.0,1024.0,1024.0,1020.0,1020.0,1020.0,1012.0
1025,2020.03.10,2415.0,15.0,2370.0,2435.0,2325.0,402653.0,1025.0,1025.0,1021.0,1021.0,1021.0,1013.0
1026,2020.03.09,2400.0,85.0,2500.0,2500.0,2360.0,609101.0,1026.0,1026.0,1022.0,1022.0,1022.0,1014.0
1027,2020.03.06,2485.0,35.0,2495.0,2510.0,2450.0,352476.0,1027.0,1027.0,1023.0,1023.0,1023.0,1015.0
1028,2020.03.05,2520.0,45.0,2480.0,2535.0,2475.0,405461.0,1028.0,1028.0,1024.0,1024.0,1024.0,1016.0
1029,2020.03.04,2475.0,40.0,2430.0,2475.0,2430.0,251075.0,1029.0,1029.0,1025.0,1025.0,1025.0,1017.0
1030,2020.03.03,2435.0,10.0,2505.0,2505.0,2435.0,454164.0,1030.0,1030.0,1026.0,1026.0,1026.0,1018.0
1031,2020.03.02,2425.0,25.0,2390.0,2460.0,2390.0,721047.0,1031.0,1031.0,1027.0,1027.0,1027.0,1019.0
1032,2020.02.28,2400.0,125.0,2480.0,2490.0,2365.0,1177653.0,1032.0,1032.0,1028.0,1028.0,1028.0,1020.0
1033,2020.02.27,2525.0,35.0,2540.0,2610.0,2510.0,550334.0,1033.0,1033.0,1029.0,1029.0,1029.0,1021.0
1034,2020.02.26,2560.0,5.0,2490.0,2700.0,2490.0,1142194.0,1034.0,1034.0,1030.0,1030.0,1030.0,1022.0
1035,2020.02.25,2555.0,40.0,2460.0,2570.0,2460.0,590755.0,1035.0,1035.0,1031.0,1031.0,1031.0,1023.0
1036,2020.02.24,2515.0,140.0,2700.0,2700.0,2495.0,1689149.0,1036.0,1036.0,1032.0,1032.0,1032.0,1024.0
1037,2020.02.21,2655.0,50.0,2700.0,2840.0,2645.0,5797936.0,1037.0,1037.0,1033.0,1033.0,1033.0,1025.0
1038,2020.02.20,2705.0,70.0,2660.0,2715.0,2615.0,994296.0,1038.0,1038.0,1034.0,1034.0,1034.0,1026.0
1039,2020.02.19,2635.0,30.0,2660.0,2680.0,2605.0,593129.0,1039.0,1039.0,1035.0,1035.0,1035.0,1027.0
1040,2020.02.18,2665.0,10.0,2690.0,2705.0,2655.0,618609.0,1040.0,1040.0,1036.0,1036.0,1036.0,1028.0
1041,2020.02.17,2675.0,15.0,2645.0,2690.0,2635.0,622673.0,1041.0,1041.0,1037.0,1037.0,1037.0,1029.0
1042,2020.02.14,2660.0,5.0,2655.0,2670.0,2635.0,430003.0,1042.0,1042.0,1038.0,1038.0,1038.0,1030.0
1043,2020.02.13,2655.0,10.0,2655.0,2695.0,2615.0,1155101.0,1043.0,1043.0,1039.0,1039.0,1039.0,1031.0
1044,2020.02.12,2645.0,45.0,2625.0,2700.0,2600.0,1940445.0,1044.0,1044.0,1040.0,1040.0,1040.0,1032.0
1045,2020.02.11,2600.0,110.0,2685.0,2905.0,2600.0,8015792.0,1045.0,1045.0,1041.0,1041.0,1041.0,1033.0
1046,2020.02.10,2490.0,25.0,2470.0,2515.0,2420.0,1226570.0,1046.0,1046.0,1042.0,1042.0,1042.0,1034.0
1047,2020.02.07,2465.0,45.0,2410.0,2480.0,2400.0,784045.0,1047.0,1047.0,1043.0,1043.0,1043.0,1035.0
1048,2020.02.06,2420.0,10.0,2430.0,2445.0,2400.0,689409.0,1048.0,1048.0,1044.0,1044.0,1044.0,1036.0
1049,2020.02.05,2410.0,90.0,2320.0,2435.0,2320.0,1085874.0,1049.0,1049.0,1045.0,1045.0,1045.0,1037.0
1050,2020.02.04,2320.0,90.0,2200.0,2330.0,2200.0,635882.0,1050.0,1050.0,1046.0,1046.0,1046.0,1038.0
1051,2020.02.03,2230.0,0.0,2180.0,2250.0,2150.0,796724.0,1051.0,1051.0,1047.0,1047.0,1047.0,1039.0
1052,2020.01.31,2230.0,55.0,2285.0,2335.0,2230.0,707769.0,1052.0,1052.0,1048.0,1048.0,1048.0,1040.0
1053,2020.01.30,2285.0,85.0,2370.0,2385.0,2270.0,704346.0,1053.0,1053.0,1049.0,1049.0,1049.0,1041.0
1054,2020.01.29,2370.0,45.0,2335.0,2380.0,2325.0,590703.0,1054.0,1054.0,1050.0,1050.0,1050.0,1042.0
1055,2020.01.28,2325.0,50.0,2280.0,2420.0,2250.0,1126238.0,1055.0,1055.0,1051.0,1051.0,1051.0,1043.0
1056,2020.01.23,2375.0,25.0,2395.0,2410.0,2370.0,409599.0,1056.0,1056.0,1052.0,1052.0,1052.0,1044.0
1057,2020.01.22,2400.0,15.0,2365.0,2415.0,2365.0,395736.0,1057.0,1057.0,1053.0,1053.0,1053.0,1045.0
1058,2020.01.21,2385.0,20.0,2405.0,2435.0,2380.0,588221.0,1058.0,1058.0,1054.0,1054.0,1054.0,1046.0
1059,2020.01.20,2405.0,0.0,2415.0,2430.0,2385.0,594816.0,1059.0,1059.0,1055.0,1055.0,1055.0,1047.0
1060,2020.01.17,2405.0,15.0,2415.0,2455.0,2400.0,756831.0,1060.0,1060.0,1056.0,1056.0,1056.0,1048.0
1061,2020.01.16,2420.0,50.0,2455.0,2495.0,2400.0,2318731.0,1061.0,1061.0,1057.0,1057.0,1057.0,1049.0
1062,2020.01.15,2370.0,25.0,2345.0,2405.0,2345.0,1083183.0,1062.0,1062.0,1058.0,1058.0,1058.0,1050.0
1063,2020.01.14,2345.0,30.0,2385.0,2400.0,2335.0,933970.0,1063.0,1063.0,1059.0,1059.0,1059.0,1051.0
1064,2020.01.13,2375.0,15.0,2360.0,2400.0,2360.0,637787.0,1064.0,1064.0,1060.0,1060.0,1060.0,1052.0
1065,2020.01.10,2360.0,30.0,2385.0,2405.0,2355.0,884944.0,1065.0,1065.0,1061.0,1061.0,1061.0,1053.0
1066,2020.01.09,2390.0,70.0,2380.0,2420.0,2355.0,1484224.0,1066.0,1066.0,1062.0,1062.0,1062.0,1054.0
1067,2020.01.08,2320.0,180.0,2510.0,2515.0,2315.0,2924919.0,1067.0,1067.0,1063.0,1063.0,1063.0,1055.0
1068,2020.01.07,2500.0,70.0,2565.0,2605.0,2495.0,2650921.0,1068.0,1068.0,1064.0,1064.0,1064.0,1056.0
1069,2020.01.06,2570.0,170.0,2665.0,2680.0,2565.0,3708943.0,1069.0,1069.0,1065.0,1065.0,1065.0,1057.0
1070,2020.01.03,2740.0,110.0,2930.0,2935.0,2705.0,4773171.0,1070.0,1070.0,1066.0,1066.0,1066.0,1058.0
1071,2020.01.02,2850.0,185.0,2975.0,2980.0,2790.0,5178946.0,1071.0,1071.0,1067.0,1067.0,1067.0,1059.0
1072,2019.12.30,3035.0,405.0,3130.0,3255.0,2950.0,32380449.0,1072.0,1072.0,1068.0,1068.0,1068.0,1060.0
1073,2019.12.27,2630.0,5.0,2600.0,2645.0,2550.0,1096590.0,1073.0,1073.0,1069.0,1069.0,1069.0,1061.0
1074,2019.12.26,2625.0,130.0,2490.0,2625.0,2470.0,1473986.0,1074.0,1074.0,1070.0,1070.0,1070.0,1062.0
1075,2019.12.24,2495.0,15.0,2470.0,2745.0,2455.0,4894184.0,1075.0,1075.0,1071.0,1071.0,1071.0,1063.0
1076,2019.12.23,2480.0,25.0,2460.0,2490.0,2415.0,689499.0,1076.0,1076.0,1072.0,1072.0,1072.0,1064.0
1077,2019.12.20,2455.0,0.0,2450.0,2465.0,2435.0,331179.0,1077.0,1077.0,1073.0,1073.0,1073.0,1065.0
1078,2019.12.19,2455.0,40.0,2475.0,2505.0,2450.0,379135.0,1078.0,1078.0,1074.0,1074.0,1074.0,1066.0
1079,2019.12.18,2495.0,30.0,2465.0,2500.0,2460.0,519507.0,1079.0,1079.0,1075.0,1075.0,1075.0,1067.0
1080,2019.12.17,2465.0,15.0,2440.0,2525.0,2435.0,924775.0,1080.0,1080.0,1076.0,1076.0,1076.0,1068.0
1081,2019.12.16,2450.0,115.0,2550.0,2590.0,2430.0,1416881.0,1081.0,1081.0,1077.0,1077.0,1077.0,1069.0
1082,2019.12.13,2565.0,70.0,2495.0,2580.0,2495.0,945244.0,1082.0,1082.0,1078.0,1078.0,1078.0,1070.0
1083,2019.12.12,2495.0,20.0,2480.0,2520.0,2450.0,668370.0,1083.0,1083.0,1079.0,1079.0,1079.0,1071.0
1084,2019.12.11,2475.0,15.0,2390.0,2485.0,2380.0,929819.0,1084.0,1084.0,1080.0,1080.0,1080.0,1072.0
1085,2019.12.10,2460.0,45.0,2525.0,2555.0,2420.0,1455009.0,1085.0,1085.0,1081.0,1081.0,1081.0,1073.0
1086,2019.12.09,2505.0,155.0,2660.0,2660.0,2445.0,1293941.0,1086.0,1086.0,1082.0,1082.0,1082.0,1074.0
1087,2019.12.06,2660.0,45.0,2625.0,2705.0,2625.0,402485.0,1087.0,1087.0,1083.0,1083.0,1083.0,1075.0
1088,2019.12.05,2615.0,25.0,2615.0,2740.0,2615.0,624512.0,1088.0,1088.0,1084.0,1084.0,1084.0,1076.0
1089,2019.12.04,2640.0,120.0,2805.0,2805.0,2640.0,675049.0,1089.0,1089.0,1085.0,1085.0,1085.0,1077.0
1090,2019.12.03,2760.0,5.0,2705.0,2775.0,2675.0,392399.0,1090.0,1090.0,1086.0,1086.0,1086.0,1078.0
1091,2019.12.02,2755.0,30.0,2785.0,2815.0,2740.0,334887.0,1091.0,1091.0,1087.0,1087.0,1087.0,1079.0
1092,2019.11.29,2785.0,60.0,2845.0,2875.0,2760.0,473447.0,1092.0,1092.0,1088.0,1088.0,1088.0,1080.0
1093,2019.11.28,2845.0,70.0,2915.0,2920.0,2810.0,902168.0,1093.0,1093.0,1089.0,1089.0,1089.0,1081.0
1094,2019.11.27,2915.0,5.0,2920.0,2940.0,2865.0,729786.0,1094.0,1094.0,1090.0,1090.0,1090.0,1082.0
1095,2019.11.26,2920.0,100.0,2815.0,2950.0,2810.0,1678435.0,1095.0,1095.0,1091.0,1091.0,1091.0,1083.0
1096,2019.11.25,2820.0,95.0,2710.0,2845.0,2700.0,696113.0,1096.0,1096.0,1092.0,1092.0,1092.0,1084.0
1097,2019.11.22,2725.0,45.0,2715.0,2770.0,2675.0,744775.0,1097.0,1097.0,1093.0,1093.0,1093.0,1085.0
1098,2019.11.21,2770.0,45.0,2780.0,2820.0,2740.0,482004.0,1098.0,1098.0,1094.0,1094.0,1094.0,1086.0
1099,2019.11.20,2815.0,105.0,2915.0,2915.0,2710.0,1363553.0,1099.0,1099.0,1095.0,1095.0,1095.0,1087.0
1100,2019.11.19,2920.0,100.0,2810.0,2925.0,2810.0,1141045.0,1100.0,1100.0,1096.0,1096.0,1096.0,1088.0
1101,2019.11.18,2820.0,15.0,2815.0,2865.0,2800.0,514747.0,1101.0,1101.0,1097.0,1097.0,1097.0,1089.0
1102,2019.11.15,2805.0,25.0,2800.0,2870.0,2785.0,998275.0,1102.0,1102.0,1098.0,1098.0,1098.0,1090.0
1103,2019.11.14,2830.0,90.0,2710.0,2980.0,2705.0,2331158.0,1103.0,1103.0,1099.0,1099.0,1099.0,1091.0
1104,2019.11.13,2740.0,90.0,2750.0,2810.0,2720.0,1106862.0,1104.0,1104.0,1100.0,1100.0,1100.0,1092.0
1105,2019.11.12,2830.0,20.0,2855.0,2865.0,2795.0,836076.0,1105.0,1105.0,1101.0,1101.0,1101.0,1093.0
1106,2019.11.11,2850.0,10.0,2895.0,2910.0,2795.0,1077731.0,1106.0,1106.0,1102.0,1102.0,1102.0,1094.0
1107,2019.11.08,2860.0,85.0,2800.0,2880.0,2780.0,1985716.0,1107.0,1107.0,1103.0,1103.0,1103.0,1095.0
1108,2019.11.07,2775.0,55.0,2725.0,2790.0,2720.0,922211.0,1108.0,1108.0,1104.0,1104.0,1104.0,1096.0
1109,2019.11.06,2720.0,0.0,2730.0,2770.0,2700.0,604562.0,1109.0,1109.0,1105.0,1105.0,1105.0,1097.0
1110,2019.11.05,2720.0,30.0,2690.0,2785.0,2685.0,1621945.0,1110.0,1110.0,1106.0,1106.0,1106.0,1098.0
1111,2019.11.04,2690.0,10.0,2680.0,2725.0,2670.0,548248.0,1111.0,1111.0,1107.0,1107.0,1107.0,1099.0
1112,2019.11.01,2680.0,10.0,2675.0,2770.0,2670.0,1184042.0,1112.0,1112.0,1108.0,1108.0,1108.0,1100.0
1113,2019.10.31,2670.0,5.0,2665.0,2720.0,2625.0,1141921.0,1113.0,1113.0,1109.0,1109.0,1109.0,1101.0
1114,2019.10.30,2665.0,35.0,2630.0,2945.0,2630.0,5534779.0,1114.0,1114.0,1110.0,1110.0,1110.0,1102.0
1115,2019.10.29,2630.0,65.0,2715.0,2725.0,2610.0,986667.0,1115.0,1115.0,1111.0,1111.0,1111.0,1103.0
1116,2019.10.28,2695.0,5.0,2710.0,2765.0,2675.0,976705.0,1116.0,1116.0,1112.0,1112.0,1112.0,1104.0
1117,2019.10.25,2700.0,10.0,2685.0,2785.0,2655.0,1735634.0,1117.0,1117.0,1113.0,1113.0,1113.0,1105.0
1118,2019.10.24,2690.0,15.0,2710.0,2755.0,2655.0,1089445.0,1118.0,1118.0,1114.0,1114.0,1114.0,1106.0
1119,2019.10.23,2675.0,125.0,2760.0,2800.0,2670.0,1894956.0,1119.0,1119.0,1115.0,1115.0,1115.0,1107.0
1120,2019.10.22,2800.0,40.0,2765.0,2860.0,2750.0,3184407.0,1120.0,1120.0,1116.0,1116.0,1116.0,1108.0
1121,2019.10.21,2760.0,110.0,2820.0,2850.0,2700.0,2282041.0,1121.0,1121.0,1117.0,1117.0,1117.0,1109.0
1122,2019.10.18,2870.0,75.0,2910.0,2945.0,2795.0,2933997.0,1122.0,1122.0,1118.0,1118.0,1118.0,1110.0
1123,2019.10.17,2945.0,5.0,2920.0,2980.0,2865.0,4010442.0,1123.0,1123.0,1119.0,1119.0,1119.0,1111.0
1124,2019.10.16,2940.0,30.0,2915.0,3020.0,2780.0,7292946.0,1124.0,1124.0,1120.0,1120.0,1120.0,1112.0
1125,2019.10.15,2910.0,340.0,3185.0,3240.0,2880.0,11654239.0,1125.0,1125.0,1121.0,1121.0,1121.0,1113.0
1126,2019.10.14,3250.0,585.0,2965.0,3365.0,2945.0,38517987.0,1126.0,1126.0,1122.0,1122.0,1122.0,1114.0
1127,2019.10.11,2665.0,615.0,2665.0,2665.0,2665.0,1713046.0,1127.0,1127.0,1123.0,1123.0,1123.0,1115.0
1128,2019.10.10,2050.0,170.0,2225.0,2295.0,2050.0,760956.0,1128.0,1128.0,1124.0,1124.0,1124.0,1116.0
1129,2019.10.08,2220.0,130.0,2290.0,2300.0,2220.0,775449.0,1129.0,1129.0,1125.0,1125.0,1125.0,1117.0
1130,2019.10.07,2350.0,75.0,2450.0,2450.0,2235.0,767700.0,1130.0,1130.0,1126.0,1126.0,1126.0,1118.0
1131,2019.10.04,2425.0,15.0,2430.0,2460.0,2420.0,383272.0,1131.0,1131.0,1127.0,1127.0,1127.0,1119.0
1132,2019.10.02,2440.0,0.0,2410.0,2480.0,2385.0,375847.0,1132.0,1132.0,1128.0,1128.0,1128.0,1120.0
1133,2019.10.01,2440.0,40.0,2400.0,2450.0,2380.0,397720.0,1133.0,1133.0,1129.0,1129.0,1129.0,1121.0
1134,2019.09.30,2400.0,10.0,2395.0,2490.0,2385.0,387425.0,1134.0,1134.0,1130.0,1130.0,1130.0,1122.0
1135,2019.09.27,2410.0,20.0,2440.0,2440.0,2370.0,339991.0,1135.0,1135.0,1131.0,1131.0,1131.0,1123.0
1136,2019.09.26,2430.0,80.0,2355.0,2485.0,2355.0,624432.0,1136.0,1136.0,1132.0,1132.0,1132.0,1124.0
1137,2019.09.25,2350.0,50.0,2400.0,2400.0,2325.0,235202.0,1137.0,1137.0,1133.0,1133.0,1133.0,1125.0
1138,2019.09.24,2400.0,15.0,2405.0,2405.0,2360.0,153477.0,1138.0,1138.0,1134.0,1134.0,1134.0,1126.0
1139,2019.09.23,2385.0,5.0,2360.0,2415.0,2360.0,159576.0,1139.0,1139.0,1135.0,1135.0,1135.0,1127.0
1140,2019.09.20,2380.0,0.0,2375.0,2405.0,2350.0,186323.0,1140.0,1140.0,1136.0,1136.0,1136.0,1128.0
1141,2019.09.19,2380.0,55.0,2445.0,2455.0,2365.0,216602.0,1141.0,1141.0,1137.0,1137.0,1137.0,1129.0
1142,2019.09.18,2435.0,95.0,2305.0,2460.0,2300.0,488802.0,1142.0,1142.0,1138.0,1138.0,1138.0,1130.0
1143,2019.09.17,2340.0,40.0,2320.0,2360.0,2310.0,346168.0,1143.0,1143.0,1139.0,1139.0,1139.0,1131.0
1144,2019.09.16,2380.0,15.0,2350.0,2390.0,2330.0,357293.0,1144.0,1144.0,1140.0,1140.0,1140.0,1132.0
1145,2019.09.11,2365.0,90.0,2250.0,2375.0,2250.0,441163.0,1145.0,1145.0,1141.0,1141.0,1141.0,1133.0
1146,2019.09.10,2275.0,5.0,2260.0,2295.0,2245.0,235563.0,1146.0,1146.0,1142.0,1142.0,1142.0,1134.0
1147,2019.09.09,2270.0,40.0,2310.0,2330.0,2240.0,302653.0,1147.0,1147.0,1143.0,1143.0,1143.0,1135.0
1148,2019.09.06,2310.0,10.0,2315.0,2340.0,2230.0,375619.0,1148.0,1148.0,1144.0,1144.0,1144.0,1136.0
1149,2019.09.05,2320.0,10.0,2355.0,2365.0,2295.0,528318.0,1149.0,1149.0,1145.0,1145.0,1145.0,1137.0
1150,2019.09.04,2310.0,40.0,2285.0,2315.0,2235.0,455949.0,1150.0,1150.0,1146.0,1146.0,1146.0,1138.0
1151,2019.09.03,2270.0,75.0,2200.0,2285.0,2180.0,800055.0,1151.0,1151.0,1147.0,1147.0,1147.0,1139.0
1152,2019.09.02,2195.0,15.0,2170.0,2330.0,2170.0,1192721.0,1152.0,1152.0,1148.0,1148.0,1148.0,1140.0
1153,2019.08.30,2180.0,110.0,2100.0,2195.0,2070.0,1150741.0,1153.0,1153.0,1149.0,1149.0,1149.0,1141.0
1154,2019.08.29,2070.0,5.0,2050.0,2115.0,2050.0,485106.0,1154.0,1154.0,1150.0,1150.0,1150.0,1142.0
1155,2019.08.28,2065.0,40.0,2070.0,2070.0,2000.0,269573.0,1155.0,1155.0,1151.0,1151.0,1151.0,1143.0
1156,2019.08.27,2025.0,30.0,2005.0,2055.0,2000.0,378625.0,1156.0,1156.0,1152.0,1152.0,1152.0,1144.0
1157,2019.08.26,1995.0,70.0,2025.0,2035.0,1990.0,720183.0,1157.0,1157.0,1153.0,1153.0,1153.0,1145.0
1158,2019.08.23,2065.0,30.0,2080.0,2090.0,2040.0,492577.0,1158.0,1158.0,1154.0,1154.0,1154.0,1146.0
1159,2019.08.22,2095.0,10.0,2085.0,2110.0,2065.0,463465.0,1159.0,1159.0,1155.0,1155.0,1155.0,1147.0
1160,2019.08.21,2085.0,40.0,2125.0,2125.0,2070.0,860201.0,1160.0,1160.0,1156.0,1156.0,1156.0,1148.0
1161,2019.08.20,2125.0,40.0,2090.0,2145.0,2080.0,421198.0,1161.0,1161.0,1157.0,1157.0,1157.0,1149.0
1162,2019.08.19,2085.0,20.0,2065.0,2100.0,2025.0,412280.0,1162.0,1162.0,1158.0,1158.0,1158.0,1150.0
1163,2019.08.16,2065.0,55.0,2105.0,2125.0,2050.0,529272.0,1163.0,1163.0,1159.0,1159.0,1159.0,1151.0
1164,2019.08.14,2120.0,45.0,2215.0,2220.0,2050.0,424398.0,1164.0,1164.0,1160.0,1160.0,1160.0,1152.0
1165,2019.08.13,2165.0,35.0,2130.0,2235.0,2125.0,532608.0,1165.0,1165.0,1161.0,1161.0,1161.0,1153.0
1166,2019.08.12,2130.0,5.0,2105.0,2145.0,2070.0,314087.0,1166.0,1166.0,1162.0,1162.0,1162.0,1154.0
1167,2019.08.09,2135.0,30.0,2170.0,2200.0,2125.0,339304.0,1167.0,1167.0,1163.0,1163.0,1163.0,1155.0
1168,2019.08.08,2165.0,65.0,2100.0,2175.0,2075.0,357499.0,1168.0,1168.0,1164.0,1164.0,1164.0,1156.0
1169,2019.08.07,2100.0,25.0,2045.0,2155.0,2045.0,537596.0,1169.0,1169.0,1165.0,1165.0,1165.0,1157.0
1170,2019.08.06,2075.0,45.0,2065.0,2190.0,1975.0,811247.0,1170.0,1170.0,1166.0,1166.0,1166.0,1158.0
1171,2019.08.05,2120.0,235.0,2340.0,2340.0,2120.0,807883.0,1171.0,1171.0,1167.0,1167.0,1167.0,1159.0
1172,2019.08.02,2355.0,55.0,2405.0,2405.0,2325.0,271592.0,1172.0,1172.0,1168.0,1168.0,1168.0,1160.0
1173,2019.08.01,2410.0,20.0,2405.0,2485.0,2355.0,364371.0,1173.0,1173.0,1169.0,1169.0,1169.0,1161.0
1174,2019.07.31,2390.0,70.0,2300.0,2435.0,2295.0,469622.0,1174.0,1174.0,1170.0,1170.0,1170.0,1162.0
1175,2019.07.30,2320.0,110.0,2180.0,2370.0,2180.0,350867.0,1175.0,1175.0,1171.0,1171.0,1171.0,1163.0
1176,2019.07.29,2210.0,135.0,2300.0,2355.0,2210.0,524181.0,1176.0,1176.0,1172.0,1172.0,1172.0,1164.0
1177,2019.07.26,2345.0,45.0,2255.0,2420.0,2225.0,692056.0,1177.0,1177.0,1173.0,1173.0,1173.0,1165.0
1178,2019.07.25,2300.0,100.0,2385.0,2405.0,2275.0,692560.0,1178.0,1178.0,1174.0,1174.0,1174.0,1166.0
1179,2019.07.24,2400.0,15.0,2425.0,2455.0,2395.0,387863.0,1179.0,1179.0,1175.0,1175.0,1175.0,1167.0
1180,2019.07.23,2415.0,55.0,2450.0,2485.0,2395.0,586524.0,1180.0,1180.0,1176.0,1176.0,1176.0,1168.0
1181,2019.07.22,2470.0,10.0,2485.0,2510.0,2410.0,186013.0,1181.0,1181.0,1177.0,1177.0,1177.0,1169.0
1182,2019.07.19,2480.0,5.0,2465.0,2525.0,2465.0,335129.0,1182.0,1182.0,1178.0,1178.0,1178.0,1170.0
1183,2019.07.18,2475.0,25.0,2475.0,2525.0,2460.0,187944.0,1183.0,1183.0,1179.0,1179.0,1179.0,1171.0
1184,2019.07.17,2500.0,50.0,2515.0,2520.0,2450.0,514962.0,1184.0,1184.0,1180.0,1180.0,1180.0,1172.0
1185,2019.07.16,2550.0,90.0,2665.0,2665.0,2545.0,400554.0,1185.0,1185.0,1181.0,1181.0,1181.0,1173.0
1186,2019.07.15,2640.0,30.0,2615.0,2645.0,2565.0,374980.0,1186.0,1186.0,1182.0,1182.0,1182.0,1174.0
1187,2019.07.12,2610.0,0.0,2625.0,2640.0,2580.0,300578.0,1187.0,1187.0,1183.0,1183.0,1183.0,1175.0
1188,2019.07.11,2610.0,100.0,2510.0,2640.0,2510.0,545112.0,1188.0,1188.0,1184.0,1184.0,1184.0,1176.0
1189,2019.07.10,2510.0,95.0,2380.0,2520.0,2380.0,404332.0,1189.0,1189.0,1185.0,1185.0,1185.0,1177.0
1190,2019.07.09,2415.0,65.0,2450.0,2510.0,2415.0,553164.0,1190.0,1190.0,1186.0,1186.0,1186.0,1178.0
1191,2019.07.08,2480.0,55.0,2520.0,2570.0,2460.0,428656.0,1191.0,1191.0,1187.0,1187.0,1187.0,1179.0
1192,2019.07.05,2535.0,30.0,2510.0,2565.0,2500.0,379932.0,1192.0,1192.0,1188.0,1188.0,1188.0,1180.0
1193,2019.07.04,2505.0,95.0,2595.0,2625.0,2490.0,1148431.0,1193.0,1193.0,1189.0,1189.0,1189.0,1181.0
1194,2019.07.03,2600.0,10.0,2560.0,2655.0,2560.0,653143.0,1194.0,1194.0,1190.0,1190.0,1190.0,1182.0
1195,2019.07.02,2590.0,15.0,2565.0,2645.0,2545.0,812041.0,1195.0,1195.0,1191.0,1191.0,1191.0,1183.0
1196,2019.07.01,2575.0,325.0,2850.0,2890.0,2570.0,2559791.0,1196.0,1196.0,1192.0,1192.0,1192.0,1184.0
1197,2019.06.28,2900.0,30.0,2935.0,3000.0,2815.0,1558488.0,1197.0,1197.0,1193.0,1193.0,1193.0,1185.0
1198,2019.06.27,2930.0,160.0,3115.0,3150.0,2810.0,4936420.0,1198.0,1198.0,1194.0,1194.0,1194.0,1186.0
1199,2019.06.26,2770.0,85.0,2835.0,2885.0,2755.0,543994.0,1199.0,1199.0,1195.0,1195.0,1195.0,1187.0
1200,2019.06.25,2855.0,10.0,2830.0,2930.0,2830.0,325225.0,1200.0,1200.0,1196.0,1196.0,1196.0,1188.0
1201,2019.06.24,2865.0,75.0,2940.0,2975.0,2865.0,480164.0,1201.0,1201.0,1197.0,1197.0,1197.0,1189.0
1202,2019.06.21,2940.0,15.0,2920.0,2940.0,2875.0,422888.0,1202.0,1202.0,1198.0,1198.0,1198.0,1190.0
1203,2019.06.20,2925.0,60.0,2865.0,2945.0,2865.0,433457.0,1203.0,1203.0,1199.0,1199.0,1199.0,1191.0
1204,2019.06.19,2865.0,40.0,2825.0,2910.0,2825.0,388282.0,1204.0,1204.0,1200.0,1200.0,1200.0,1192.0
1205,2019.06.18,2825.0,30.0,2840.0,2900.0,2815.0,393495.0,1205.0,1205.0,1201.0,1201.0,1201.0,1193.0
1206,2019.06.17,2855.0,10.0,2845.0,2920.0,2810.0,383790.0,1206.0,1206.0,1202.0,1202.0,1202.0,1194.0
1207,2019.06.14,2845.0,75.0,2945.0,2945.0,2840.0,485138.0,1207.0,1207.0,1203.0,1203.0,1203.0,1195.0
1208,2019.06.13,2920.0,50.0,2885.0,2925.0,2860.0,492491.0,1208.0,1208.0,1204.0,1204.0,1204.0,1196.0
1209,2019.06.12,2870.0,10.0,2860.0,2900.0,2820.0,514032.0,1209.0,1209.0,1205.0,1205.0,1205.0,1197.0
1210,2019.06.11,2860.0,15.0,2845.0,2900.0,2815.0,489533.0,1210.0,1210.0,1206.0,1206.0,1206.0,1198.0
1211,2019.06.10,2845.0,60.0,2825.0,2930.0,2800.0,1273879.0,1211.0,1211.0,1207.0,1207.0,1207.0,1199.0
1212,2019.06.07,2785.0,165.0,2630.0,2815.0,2625.0,1121374.0,1212.0,1212.0,1208.0,1208.0,1208.0,1200.0
1213,2019.06.05,2620.0,50.0,2610.0,2625.0,2590.0,336433.0,1213.0,1213.0,1209.0,1209.0,1209.0,1201.0
1214,2019.06.04,2570.0,25.0,2535.0,2615.0,2535.0,461486.0,1214.0,1214.0,1210.0,1210.0,1210.0,1202.0
1215,2019.06.03,2545.0,5.0,2540.0,2555.0,2520.0,298940.0,1215.0,1215.0,1211.0,1211.0,1211.0,1203.0
1216,2019.05.31,2550.0,5.0,2530.0,2570.0,2505.0,497908.0,1216.0,1216.0,1212.0,1212.0,1212.0,1204.0
1217,2019.05.30,2545.0,0.0,2545.0,2570.0,2525.0,257220.0,1217.0,1217.0,1213.0,1213.0,1213.0,1205.0
1218,2019.05.29,2545.0,45.0,2590.0,2600.0,2490.0,633210.0,1218.0,1218.0,1214.0,1214.0,1214.0,1206.0
1219,2019.05.28,2590.0,10.0,2570.0,2635.0,2560.0,352925.0,1219.0,1219.0,1215.0,1215.0,1215.0,1207.0
1220,2019.05.27,2580.0,5.0,2590.0,2630.0,2570.0,246105.0,1220.0,1220.0,1216.0,1216.0,1216.0,1208.0
1221,2019.05.24,2585.0,0.0,2580.0,2605.0,2525.0,506065.0,1221.0,1221.0,1217.0,1217.0,1217.0,1209.0
1222,2019.05.23,2585.0,105.0,2675.0,2705.0,2565.0,921172.0,1222.0,1222.0,1218.0,1218.0,1218.0,1210.0
1223,2019.05.22,2690.0,75.0,2765.0,2785.0,2690.0,577480.0,1223.0,1223.0,1219.0,1219.0,1219.0,1211.0
1224,2019.05.21,2765.0,65.0,2810.0,2840.0,2690.0,868746.0,1224.0,1224.0,1220.0,1220.0,1220.0,1212.0
1225,2019.05.20,2830.0,75.0,2900.0,2930.0,2825.0,587245.0,1225.0,1225.0,1221.0,1221.0,1221.0,1213.0
1226,2019.05.17,2905.0,90.0,3015.0,3055.0,2905.0,712676.0,1226.0,1226.0,1222.0,1222.0,1222.0,1214.0
1227,2019.05.16,2995.0,15.0,2990.0,3085.0,2975.0,1054049.0,1227.0,1227.0,1223.0,1223.0,1223.0,1215.0
1228,2019.05.15,3010.0,60.0,2945.0,3055.0,2930.0,1234608.0,1228.0,1228.0,1224.0,1224.0,1224.0,1216.0
1229,2019.05.14,2950.0,70.0,2855.0,2960.0,2850.0,619608.0,1229.0,1229.0,1225.0,1225.0,1225.0,1217.0
1230,2019.05.13,2880.0,15.0,2805.0,2965.0,2805.0,451835.0,1230.0,1230.0,1226.0,1226.0,1226.0,1218.0
1231,2019.05.10,2865.0,0.0,2870.0,2945.0,2840.0,549208.0,1231.0,1231.0,1227.0,1227.0,1227.0,1219.0
1232,2019.05.09,2865.0,175.0,2985.0,3015.0,2830.0,1348844.0,1232.0,1232.0,1228.0,1228.0,1228.0,1220.0
1233,2019.05.08,3040.0,70.0,2950.0,3050.0,2940.0,917602.0,1233.0,1233.0,1229.0,1229.0,1229.0,1221.0
1234,2019.05.07,2970.0,25.0,2975.0,3015.0,2910.0,526454.0,1234.0,1234.0,1230.0,1230.0,1230.0,1222.0
1235,2019.05.03,2995.0,20.0,2955.0,3045.0,2945.0,425211.0,1235.0,1235.0,1231.0,1231.0,1231.0,1223.0
1236,2019.05.02,2975.0,15.0,2950.0,3050.0,2945.0,535474.0,1236.0,1236.0,1232.0,1232.0,1232.0,1224.0
1237,2019.04.30,2960.0,10.0,2975.0,2995.0,2920.0,392170.0,1237.0,1237.0,1233.0,1233.0,1233.0,1225.0
1238,2019.04.29,2950.0,95.0,2855.0,2960.0,2855.0,465627.0,1238.0,1238.0,1234.0,1234.0,1234.0,1226.0
1239,2019.04.26,2855.0,45.0,2875.0,2920.0,2840.0,473005.0,1239.0,1239.0,1235.0,1235.0,1235.0,1227.0
1240,2019.04.25,2900.0,60.0,2935.0,2965.0,2880.0,952640.0,1240.0,1240.0,1236.0,1236.0,1236.0,1228.0
1241,2019.04.24,2960.0,85.0,3055.0,3060.0,2930.0,1054781.0,1241.0,1241.0,1237.0,1237.0,1237.0,1229.0
1242,2019.04.23,3045.0,35.0,3085.0,3095.0,3010.0,453644.0,1242.0,1242.0,1238.0,1238.0,1238.0,1230.0
1243,2019.04.22,3080.0,90.0,2985.0,3105.0,2970.0,988114.0,1243.0,1243.0,1239.0,1239.0,1239.0,1231.0
1244,2019.04.19,2990.0,0.0,3005.0,3075.0,2975.0,666686.0,1244.0,1244.0,1240.0,1240.0,1240.0,1232.0
1245,2019.04.18,2990.0,75.0,3065.0,3075.0,2975.0,591385.0,1245.0,1245.0,1241.0,1241.0,1241.0,1233.0
1246,2019.04.17,3065.0,5.0,3090.0,3120.0,3050.0,522482.0,1246.0,1246.0,1242.0,1242.0,1242.0,1234.0
1247,2019.04.16,3060.0,25.0,3090.0,3115.0,3005.0,632768.0,1247.0,1247.0,1243.0,1243.0,1243.0,1235.0
1248,2019.04.15,3085.0,0.0,3110.0,3145.0,3055.0,962827.0,1248.0,1248.0,1244.0,1244.0,1244.0,1236.0
1249,2019.04.12,3085.0,20.0,3065.0,3160.0,3035.0,971952.0,1249.0,1249.0,1245.0,1245.0,1245.0,1237.0
1250,2019.04.11,3065.0,105.0,2970.0,3085.0,2950.0,1320036.0,1250.0,1250.0,1246.0,1246.0,1246.0,1238.0
1251,2019.04.10,2960.0,30.0,2920.0,2995.0,2910.0,535637.0,1251.0,1251.0,1247.0,1247.0,1247.0,1239.0
1252,2019.04.09,2930.0,65.0,2985.0,2990.0,2910.0,889347.0,1252.0,1252.0,1248.0,1248.0,1248.0,1240.0
1253,2019.04.08,2995.0,5.0,3000.0,3030.0,2960.0,622844.0,1253.0,1253.0,1249.0,1249.0,1249.0,1241.0
1254,2019.04.05,2990.0,20.0,3000.0,3025.0,2950.0,857859.0,1254.0,1254.0,1250.0,1250.0,1250.0,1242.0
1255,2019.04.04,3010.0,100.0,2925.0,3055.0,2900.0,1700101.0,1255.0,1255.0,1251.0,1251.0,1251.0,1243.0
1256,2019.04.03,2910.0,5.0,2885.0,2935.0,2865.0,804062.0,1256.0,1256.0,1252.0,1252.0,1252.0,1244.0
1257,2019.04.02,2905.0,20.0,2935.0,2955.0,2875.0,765001.0,1257.0,1257.0,1253.0,1253.0,1253.0,1245.0
1258,2019.04.01,2925.0,20.0,2870.0,2925.0,2840.0,1598248.0,1258.0,1258.0,1254.0,1254.0,1254.0,1246.0
1259,2019.03.29,2905.0,100.0,3070.0,3080.0,2850.0,2068910.0,1259.0,1259.0,1255.0,1255.0,1255.0,1247.0
1260,2019.03.28,3005.0,100.0,3015.0,3090.0,2960.0,1234422.0,1260.0,1260.0,1256.0,1256.0,1256.0,1248.0
1261,2019.03.27,3105.0,90.0,3190.0,3260.0,3100.0,840623.0,1261.0,1261.0,1257.0,1257.0,1257.0,1249.0
1262,2019.03.26,3195.0,5.0,3205.0,3355.0,3115.0,2103160.0,1262.0,1262.0,1258.0,1258.0,1258.0,1250.0
1263,2019.03.25,3200.0,230.0,3380.0,3400.0,3180.0,1728037.0,1263.0,1263.0,1259.0,1259.0,1259.0,1251.0
1264,2019.03.22,3430.0,60.0,3440.0,3510.0,3370.0,1142095.0,1264.0,1264.0,1260.0,1260.0,1260.0,1252.0
1265,2019.03.21,3490.0,85.0,3590.0,3660.0,3435.0,2088001.0,1265.0,1265.0,1261.0,1261.0,1261.0,1253.0
1266,2019.03.20,3575.0,115.0,3515.0,3685.0,3470.0,2934822.0,1266.0,1266.0,1262.0,1262.0,1262.0,1254.0
1267,2019.03.19,3460.0,30.0,3490.0,3555.0,3400.0,1415211.0,1267.0,1267.0,1263.0,1263.0,1263.0,1255.0
1268,2019.03.18,3490.0,170.0,3325.0,3520.0,3300.0,2369669.0,1268.0,1268.0,1264.0,1264.0,1264.0,1256.0
1269,2019.03.15,3320.0,425.0,3620.0,3725.0,3280.0,7294711.0,1269.0,1269.0,1265.0,1265.0,1265.0,1257.0
1270,2019.03.14,3745.0,95.0,3840.0,3915.0,3685.0,3561649.0,1270.0,1270.0,1266.0,1266.0,1266.0,1258.0
1271,2019.03.13,3840.0,90.0,3775.0,3925.0,3650.0,7393749.0,1271.0,1271.0,1267.0,1267.0,1267.0,1259.0
1272,2019.03.12,3750.0,30.0,3725.0,3800.0,3605.0,6425550.0,1272.0,1272.0,1268.0,1268.0,1268.0,1260.0
1273,2019.03.11,3720.0,565.0,3185.0,3775.0,3185.0,15011832.0,1273.0,1273.0,1269.0,1269.0,1269.0,1261.0
1274,2019.03.08,3155.0,95.0,3200.0,3300.0,3130.0,989909.0,1274.0,1274.0,1270.0,1270.0,1270.0,1262.0
1275,2019.03.07,3250.0,105.0,3160.0,3475.0,3115.0,3067881.0,1275.0,1275.0,1271.0,1271.0,1271.0,1263.0
1276,2019.03.06,3145.0,40.0,3105.0,3235.0,3105.0,1608766.0,1276.0,1276.0,1272.0,1272.0,1272.0,1264.0
1277,2019.03.05,3105.0,325.0,3400.0,3410.0,3065.0,3899574.0,1277.0,1277.0,1273.0,1273.0,1273.0,1265.0
1278,2019.03.04,3430.0,10.0,3420.0,3490.0,3355.0,885691.0,1278.0,1278.0,1274.0,1274.0,1274.0,1266.0
1279,2019.02.28,3420.0,95.0,3515.0,3520.0,3355.0,945727.0,1279.0,1279.0,1275.0,1275.0,1275.0,1267.0
1280,2019.02.27,3515.0,0.0,3495.0,3540.0,3390.0,1079312.0,1280.0,1280.0,1276.0,1276.0,1276.0,1268.0
1281,2019.02.26,3515.0,105.0,3640.0,3645.0,3495.0,1289313.0,1281.0,1281.0,1277.0,1277.0,1277.0,1269.0
1282,2019.02.25,3620.0,105.0,3505.0,3635.0,3495.0,1378761.0,1282.0,1282.0,1278.0,1278.0,1278.0,1270.0
1283,2019.02.22,3515.0,25.0,3520.0,3570.0,3450.0,1283758.0,1283.0,1283.0,1279.0,1279.0,1279.0,1271.0
1284,2019.02.21,3490.0,10.0,3485.0,3510.0,3400.0,1301965.0,1284.0,1284.0,1280.0,1280.0,1280.0,1272.0
1285,2019.02.20,3500.0,95.0,3610.0,3610.0,3480.0,1559468.0,1285.0,1285.0,1281.0,1281.0,1281.0,1273.0
1286,2019.02.19,3595.0,55.0,3525.0,3630.0,3470.0,1484056.0,1286.0,1286.0,1282.0,1282.0,1282.0,1274.0
1287,2019.02.18,3540.0,95.0,3440.0,3585.0,3390.0,2161224.0,1287.0,1287.0,1283.0,1283.0,1283.0,1275.0
1288,2019.02.15,3445.0,125.0,3295.0,3480.0,3245.0,3526684.0,1288.0,1288.0,1284.0,1284.0,1284.0,1276.0
1289,2019.02.14,3320.0,50.0,3300.0,3355.0,3215.0,1355295.0,1289.0,1289.0,1285.0,1285.0,1285.0,1277.0
1290,2019.02.13,3270.0,180.0,3100.0,3300.0,3100.0,2099802.0,1290.0,1290.0,1286.0,1286.0,1286.0,1278.0
1291,2019.02.12,3090.0,75.0,3170.0,3175.0,3090.0,1020379.0,1291.0,1291.0,1287.0,1287.0,1287.0,1279.0
1292,2019.02.11,3165.0,20.0,3220.0,3225.0,3130.0,1531140.0,1292.0,1292.0,1288.0,1288.0,1288.0,1280.0
1293,2019.02.08,3145.0,90.0,3045.0,3145.0,3000.0,1379928.0,1293.0,1293.0,1289.0,1289.0,1289.0,1281.0
1294,2019.02.07,3055.0,155.0,3210.0,3230.0,3025.0,1938603.0,1294.0,1294.0,1290.0,1290.0,1290.0,1282.0
1295,2019.02.01,3210.0,110.0,3320.0,3390.0,3165.0,3068008.0,1295.0,1295.0,1291.0,1291.0,1291.0,1283.0
1296,2019.01.31,3320.0,190.0,3130.0,3385.0,3050.0,5654304.0,1296.0,1296.0,1292.0,1292.0,1292.0,1284.0
1297,2019.01.30,3130.0,40.0,3110.0,3195.0,3010.0,1956280.0,1297.0,1297.0,1293.0,1293.0,1293.0,1285.0
1298,2019.01.29,3090.0,140.0,2840.0,3100.0,2795.0,4594868.0,1298.0,1298.0,1294.0,1294.0,1294.0,1286.0
1299,2019.01.28,2950.0,25.0,2935.0,3010.0,2925.0,927353.0,1299.0,1299.0,1295.0,1295.0,1295.0,1287.0
1300,2019.01.25,2925.0,10.0,2965.0,3185.0,2915.0,2143809.0,1300.0,1300.0,1296.0,1296.0,1296.0,1288.0
1301,2019.01.24,2915.0,105.0,3015.0,3045.0,2910.0,656865.0,1301.0,1301.0,1297.0,1297.0,1297.0,1289.0
1302,2019.01.23,3020.0,170.0,2845.0,3060.0,2840.0,1443815.0,1302.0,1302.0,1298.0,1298.0,1298.0,1290.0
1303,2019.01.22,2850.0,75.0,2930.0,2935.0,2795.0,508754.0,1303.0,1303.0,1299.0,1299.0,1299.0,1291.0
1304,2019.01.21,2925.0,15.0,2910.0,2970.0,2845.0,458817.0,1304.0,1304.0,1300.0,1300.0,1300.0,1292.0
1305,2019.01.18,2910.0,50.0,2960.0,2965.0,2860.0,550911.0,1305.0,1305.0,1301.0,1301.0,1301.0,1293.0
1306,2019.01.17,2960.0,125.0,3055.0,3105.0,2910.0,1002910.0,1306.0,1306.0,1302.0,1302.0,1302.0,1294.0
1307,2019.01.16,3085.0,130.0,3215.0,3270.0,3000.0,1430103.0,1307.0,1307.0,1303.0,1303.0,1303.0,1295.0
1308,2019.01.15,3215.0,15.0,3195.0,3275.0,3175.0,1010049.0,1308.0,1308.0,1304.0,1304.0,1304.0,1296.0
1309,2019.01.14,3200.0,200.0,2990.0,3245.0,2985.0,1754313.0,1309.0,1309.0,1305.0,1305.0,1305.0,1297.0
1310,2019.01.11,3000.0,55.0,3075.0,3210.0,2950.0,2950149.0,1310.0,1310.0,1306.0,1306.0,1306.0,1298.0
1311,2019.01.10,3055.0,315.0,2740.0,3150.0,2660.0,3415436.0,1311.0,1311.0,1307.0,1307.0,1307.0,1299.0
1312,2019.01.09,2740.0,235.0,2545.0,2760.0,2510.0,1672960.0,1312.0,1312.0,1308.0,1308.0,1308.0,1300.0
1313,2019.01.08,2505.0,120.0,2630.0,2635.0,2495.0,1028890.0,1313.0,1313.0,1309.0,1309.0,1309.0,1301.0
1314,2019.01.07,2625.0,0.0,2625.0,2705.0,2610.0,1378716.0,1314.0,1314.0,1310.0,1310.0,1310.0,1302.0
1315,2019.01.04,2625.0,35.0,2635.0,2675.0,2590.0,746599.0,1315.0,1315.0,1311.0,1311.0,1311.0,1303.0
1316,2019.01.03,2660.0,25.0,2625.0,2700.0,2580.0,711535.0,1316.0,1316.0,1312.0,1312.0,1312.0,1304.0
1317,2019.01.02,2635.0,60.0,2710.0,2720.0,2620.0,390186.0,1317.0,1317.0,1313.0,1313.0,1313.0,1305.0
1318,2018.12.28,2695.0,35.0,2690.0,2700.0,2630.0,586722.0,1318.0,1318.0,1314.0,1314.0,1314.0,1306.0
1319,2018.12.27,2660.0,15.0,2655.0,2745.0,2650.0,333278.0,1319.0,1319.0,1315.0,1315.0,1315.0,1307.0
1320,2018.12.26,2645.0,75.0,2750.0,2755.0,2640.0,580496.0,1320.0,1320.0,1316.0,1316.0,1316.0,1308.0
1321,2018.12.24,2720.0,5.0,2735.0,2740.0,2695.0,316084.0,1321.0,1321.0,1317.0,1317.0,1317.0,1309.0
