,날짜,종가,전일비,시가,고가,저가,거래량,Unnamed: 0.5,Unnamed: 0.4,Unnamed: 0.3,Unnamed: 0.2,Unnamed: 0.1,Unnamed: 0
0,2024.05.07,1409.0,하락  181,1352.0,1599.0,1352.0,1201.0,0.0,0.0,,,,
1,2024.05.03,1590.0,하락  9,1360.0,1596.0,1360.0,2468.0,1.0,1.0,,,,
2,2024.05.02,1599.0,하락  201,1530.0,1899.0,1530.0,1403.0,2.0,2.0,,,,
3,2024.04.30,1800.0,하락  55,1799.0,1800.0,1799.0,41.0,3.0,3.0,,,,
4,2024.04.29,1855.0,하락  5,1856.0,1856.0,1855.0,60.0,4.0,4.0,0.0,0.0,0.0,
5,2024.04.26,1860.0,하락  155,1715.0,2100.0,1715.0,5197.0,5.0,5.0,1.0,1.0,1.0,
6,2024.04.25,2015.0,하한가  355,2100.0,2100.0,2015.0,870.0,6.0,6.0,2.0,2.0,2.0,
7,2024.04.24,2370.0,하한가  415,2600.0,2775.0,2370.0,1464.0,7.0,7.0,3.0,3.0,3.0,
8,2024.04.23,2785.0,하락  400,2900.0,2900.0,2710.0,96.0,8.0,8.0,4.0,4.0,4.0,
9,2024.04.22,3185.0,하락  345,3185.0,3185.0,3185.0,1.0,9.0,9.0,5.0,5.0,5.0,
10,2024.04.19,3530.0,상승  435,3530.0,3530.0,3530.0,1.0,10.0,10.0,6.0,6.0,6.0,
11,2024.04.18,3095.0,하락  5,3095.0,3095.0,3095.0,1.0,11.0,11.0,7.0,7.0,7.0,
12,2024.04.17,3100.0,105.0,2995.0,3100.0,2995.0,25.0,12.0,12.0,8.0,8.0,8.0,0.0
13,2024.04.16,2995.0,5.0,2995.0,2995.0,2995.0,6.0,13.0,13.0,9.0,9.0,9.0,1.0
14,2024.04.15,3000.0,0.0,3000.0,3000.0,3000.0,1.0,14.0,14.0,10.0,10.0,10.0,2.0
15,2024.04.12,3000.0,205.0,2795.0,3000.0,2795.0,62.0,15.0,15.0,11.0,11.0,11.0,3.0
16,2024.04.11,2795.0,100.0,2695.0,2795.0,2695.0,31.0,16.0,16.0,12.0,12.0,12.0,4.0
17,2024.04.09,2695.0,100.0,2595.0,2695.0,2590.0,55.0,17.0,17.0,13.0,13.0,13.0,5.0
18,2024.04.08,2595.0,95.0,2500.0,2595.0,2495.0,32.0,18.0,18.0,14.0,14.0,14.0,6.0
19,2024.04.05,2500.0,205.0,2300.0,2500.0,2300.0,70.0,19.0,19.0,15.0,15.0,15.0,7.0
20,2024.04.04,2295.0,5.0,2300.0,2300.0,2295.0,6.0,20.0,20.0,16.0,16.0,16.0,8.0
21,2024.04.03,2290.0,5.0,2290.0,2290.0,2290.0,6.0,21.0,21.0,17.0,17.0,17.0,9.0
22,2024.04.02,2295.0,0.0,2295.0,2295.0,2295.0,1.0,22.0,22.0,18.0,18.0,18.0,10.0
23,2024.04.01,2295.0,115.0,2295.0,2295.0,2295.0,9.0,23.0,23.0,19.0,19.0,19.0,11.0
24,2024.03.29,2180.0,278.0,2180.0,2185.0,2100.0,45.0,24.0,24.0,20.0,20.0,20.0,12.0
25,2024.03.28,1902.0,98.0,2000.0,2300.0,1901.0,175.0,25.0,25.0,21.0,21.0,21.0,13.0
26,2024.03.27,2000.0,100.0,1900.0,2090.0,1900.0,22.0,26.0,26.0,22.0,22.0,22.0,14.0
27,2024.03.26,1900.0,160.0,1900.0,2000.0,1800.0,242.0,27.0,27.0,23.0,23.0,23.0,15.0
28,2024.03.25,1740.0,305.0,2045.0,2350.0,1740.0,3397.0,28.0,28.0,24.0,24.0,24.0,16.0
29,2024.03.22,2045.0,355.0,2100.0,2100.0,2040.0,521.0,29.0,29.0,25.0,25.0,25.0,17.0
30,2024.03.21,2400.0,150.0,2400.0,2550.0,2170.0,1633.0,30.0,30.0,26.0,26.0,26.0,18.0
31,2024.03.20,2550.0,445.0,2800.0,2800.0,2550.0,2280.0,31.0,31.0,27.0,27.0,27.0,19.0
32,2024.03.19,2995.0,5.0,2700.0,3000.0,2550.0,509.0,32.0,32.0,28.0,28.0,28.0,20.0
33,2024.03.18,3000.0,110.0,3000.0,3200.0,2645.0,803.0,33.0,33.0,29.0,29.0,29.0,21.0
34,2024.03.15,3110.0,545.0,3110.0,4195.0,3110.0,106.0,34.0,34.0,30.0,30.0,30.0,22.0
35,2024.03.14,3655.0,645.0,4940.0,4940.0,3655.0,2.0,35.0,35.0,31.0,31.0,31.0,23.0
36,2024.03.13,4300.0,415.0,4300.0,4300.0,4300.0,2.0,36.0,36.0,32.0,32.0,32.0,24.0
37,2024.03.12,3885.0,490.0,2890.0,3885.0,2890.0,308.0,37.0,37.0,33.0,33.0,33.0,25.0
38,2024.03.11,3395.0,595.0,3985.0,3985.0,3395.0,2.0,38.0,38.0,34.0,34.0,34.0,26.0
39,2024.03.08,3990.0,475.0,3300.0,3990.0,2990.0,350.0,39.0,39.0,35.0,35.0,35.0,27.0
40,2024.03.07,3515.0,615.0,4695.0,4695.0,3515.0,2.0,40.0,40.0,36.0,36.0,36.0,28.0
41,2024.03.06,4130.0,725.0,4840.0,4840.0,4130.0,2.0,41.0,41.0,37.0,37.0,37.0,29.0
42,2024.03.05,4855.0,10.0,4855.0,4855.0,4855.0,1.0,42.0,42.0,38.0,38.0,38.0,30.0
43,2024.03.04,4865.0,540.0,4865.0,4865.0,4865.0,1.0,43.0,43.0,39.0,39.0,39.0,31.0
44,2024.02.29,4325.0,525.0,4325.0,4325.0,3230.0,63.0,44.0,44.0,40.0,40.0,40.0,32.0
45,2024.02.28,3800.0,400.0,3395.0,3895.0,2890.0,552.0,45.0,45.0,41.0,41.0,41.0,33.0
46,2024.02.27,3400.0,0.0,3400.0,3400.0,3400.0,0.0,46.0,46.0,42.0,42.0,42.0,34.0
47,2024.02.26,3995.0,245.0,3995.0,3995.0,3995.0,2.0,47.0,47.0,43.0,43.0,43.0,35.0
48,2024.02.23,4240.0,0.0,4240.0,4240.0,4240.0,0.0,48.0,48.0,44.0,44.0,44.0,36.0
49,2024.02.22,4985.0,335.0,3955.0,4990.0,3955.0,17.0,49.0,49.0,45.0,45.0,45.0,37.0
50,2024.02.21,4650.0,600.0,3445.0,4650.0,3445.0,10.0,50.0,50.0,46.0,46.0,46.0,38.0
51,2024.02.20,4050.0,520.0,3990.0,4050.0,3990.0,23.0,51.0,51.0,47.0,47.0,47.0,39.0
52,2024.02.19,3530.0,620.0,4695.0,4695.0,3530.0,102.0,52.0,52.0,48.0,48.0,48.0,40.0
53,2024.02.16,4150.0,535.0,3075.0,4150.0,3075.0,716.0,53.0,53.0,49.0,49.0,49.0,41.0
54,2024.02.15,3615.0,635.0,3615.0,3615.0,3615.0,47.0,54.0,54.0,50.0,50.0,50.0,42.0
55,2024.02.14,4250.0,0.0,4250.0,4250.0,4250.0,0.0,55.0,55.0,51.0,51.0,51.0,43.0
56,2024.02.13,5000.0,10.0,5000.0,5000.0,5000.0,1.0,56.0,56.0,52.0,52.0,52.0,44.0
57,2024.02.08,5010.0,20.0,5010.0,5010.0,5010.0,1.0,57.0,57.0,53.0,53.0,53.0,45.0
58,2024.02.07,5030.0,30.0,5030.0,5030.0,5030.0,1.0,58.0,58.0,54.0,54.0,54.0,46.0
59,2024.02.06,5060.0,390.0,5060.0,5060.0,5060.0,1.0,59.0,59.0,55.0,55.0,55.0,47.0
60,2024.02.05,4670.0,0.0,4670.0,4670.0,4670.0,0.0,60.0,60.0,56.0,56.0,56.0,48.0
61,2024.02.02,5490.0,30.0,5490.0,5490.0,5490.0,1.0,61.0,61.0,57.0,57.0,57.0,49.0
62,2024.02.01,5520.0,680.0,5520.0,5520.0,5520.0,1.0,62.0,62.0,58.0,58.0,58.0,50.0
63,2024.01.31,4840.0,0.0,4840.0,4840.0,4840.0,0.0,63.0,63.0,59.0,59.0,59.0,51.0
64,2024.01.30,5690.0,690.0,5690.0,5690.0,5690.0,1.0,64.0,64.0,60.0,60.0,60.0,52.0
65,2024.01.29,5000.0,480.0,3845.0,5010.0,3845.0,120.0,65.0,65.0,61.0,61.0,61.0,53.0
66,2024.01.26,4520.0,790.0,6060.0,6060.0,4520.0,4.0,66.0,66.0,62.0,62.0,62.0,54.0
67,2024.01.25,5310.0,930.0,5310.0,5310.0,5310.0,1.0,67.0,67.0,63.0,63.0,63.0,55.0
68,2024.01.24,6240.0,750.0,6240.0,6240.0,6240.0,1.0,68.0,68.0,64.0,64.0,64.0,56.0
69,2024.01.23,5490.0,440.0,5580.0,5580.0,5490.0,2.0,69.0,69.0,65.0,65.0,65.0,57.0
70,2024.01.22,5050.0,640.0,3750.0,5050.0,3750.0,101.0,70.0,70.0,66.0,66.0,66.0,58.0
71,2024.01.19,4410.0,0.0,4410.0,4410.0,4410.0,0.0,71.0,71.0,67.0,67.0,67.0,59.0
72,2024.01.18,5180.0,50.0,4460.0,5210.0,4460.0,52.0,72.0,72.0,68.0,68.0,68.0,60.0
73,2024.01.17,5230.0,645.0,5230.0,5230.0,5230.0,1.0,73.0,73.0,69.0,69.0,69.0,61.0
74,2024.01.16,4585.0,585.0,3400.0,4585.0,3400.0,51.0,74.0,74.0,70.0,70.0,70.0,62.0
75,2024.01.15,4000.0,505.0,4000.0,4000.0,4000.0,1.0,75.0,75.0,71.0,71.0,71.0,63.0
76,2024.01.12,3495.0,305.0,3490.0,3495.0,3230.0,32.0,76.0,76.0,72.0,72.0,72.0,64.0
77,2024.01.11,3800.0,0.0,3800.0,3800.0,3800.0,0.0,77.0,77.0,73.0,73.0,73.0,65.0
78,2024.01.10,4470.0,520.0,3360.0,4475.0,3360.0,671.0,78.0,78.0,74.0,74.0,74.0,66.0
79,2024.01.09,3950.0,695.0,3950.0,3950.0,3950.0,3.0,79.0,79.0,75.0,75.0,75.0,67.0
80,2024.01.08,4645.0,30.0,4645.0,4645.0,4645.0,1.0,80.0,80.0,76.0,76.0,76.0,68.0
81,2024.01.05,4675.0,10.0,4675.0,4675.0,4675.0,1.0,81.0,81.0,77.0,77.0,77.0,69.0
82,2024.01.04,4685.0,5.0,4650.0,4685.0,4650.0,2.0,82.0,82.0,78.0,78.0,78.0,70.0
83,2024.01.03,4690.0,600.0,4700.0,4700.0,3480.0,3.0,83.0,83.0,79.0,79.0,79.0,71.0
84,2024.01.02,4090.0,460.0,3870.0,4090.0,3870.0,286.0,84.0,84.0,80.0,80.0,80.0,72.0
85,2023.12.28,4550.0,590.0,3370.0,4550.0,3370.0,102.0,85.0,85.0,81.0,81.0,81.0,73.0
86,2023.12.27,3960.0,510.0,3965.0,3965.0,3960.0,2.0,86.0,86.0,82.0,82.0,82.0,74.0
87,2023.12.26,3450.0,540.0,3395.0,3450.0,3395.0,93.0,87.0,87.0,83.0,83.0,83.0,75.0
88,2023.12.22,3990.0,10.0,3400.0,3990.0,3400.0,499.0,88.0,88.0,84.0,84.0,84.0,76.0
89,2023.12.21,4000.0,10.0,3395.0,4000.0,3395.0,32.0,89.0,89.0,85.0,85.0,85.0,77.0
90,2023.12.20,3990.0,0.0,3395.0,3990.0,3395.0,134.0,90.0,90.0,86.0,86.0,86.0,78.0
91,2023.12.19,3990.0,90.0,3315.0,3990.0,3315.0,99.0,91.0,91.0,87.0,87.0,87.0,79.0
92,2023.12.18,3900.0,0.0,3315.0,3900.0,3315.0,106.0,92.0,92.0,88.0,88.0,88.0,80.0
93,2023.12.15,3900.0,90.0,3395.0,3975.0,3395.0,13.0,93.0,93.0,89.0,89.0,89.0,81.0
94,2023.12.14,3990.0,0.0,3395.0,3990.0,3395.0,71.0,94.0,94.0,90.0,90.0,90.0,82.0
95,2023.12.13,3990.0,10.0,3385.0,3990.0,3385.0,52.0,95.0,95.0,91.0,91.0,91.0,83.0
96,2023.12.12,3980.0,185.0,3230.0,3980.0,3230.0,32.0,96.0,96.0,92.0,92.0,92.0,84.0
97,2023.12.11,3795.0,0.0,3795.0,3795.0,3795.0,30.0,97.0,97.0,93.0,93.0,93.0,85.0
98,2023.12.08,3795.0,95.0,3700.0,3795.0,3200.0,89.0,98.0,98.0,94.0,94.0,94.0,86.0
99,2023.12.07,3700.0,470.0,3700.0,3700.0,3700.0,1.0,99.0,99.0,95.0,95.0,95.0,87.0
100,2023.12.06,3230.0,570.0,3230.0,3990.0,3230.0,133.0,100.0,100.0,96.0,96.0,96.0,88.0
101,2023.12.05,3800.0,485.0,2900.0,3800.0,2820.0,51.0,101.0,101.0,97.0,97.0,97.0,89.0
102,2023.12.04,3315.0,585.0,3390.0,3965.0,3315.0,221.0,102.0,102.0,98.0,98.0,98.0,90.0
103,2023.12.01,3900.0,0.0,3400.0,3900.0,3390.0,40.0,103.0,103.0,99.0,99.0,99.0,91.0
104,2023.11.30,3900.0,85.0,3390.0,3900.0,3390.0,71.0,104.0,104.0,100.0,100.0,100.0,92.0
105,2023.11.29,3985.0,10.0,3400.0,3985.0,3400.0,411.0,105.0,105.0,101.0,101.0,101.0,93.0
106,2023.11.28,3995.0,15.0,3995.0,3995.0,3500.0,21.0,106.0,106.0,102.0,102.0,102.0,94.0
107,2023.11.27,3980.0,0.0,3980.0,3980.0,3980.0,0.0,107.0,107.0,103.0,103.0,103.0,95.0
108,2023.11.24,3980.0,0.0,3600.0,3980.0,3390.0,55.0,108.0,108.0,104.0,104.0,104.0,96.0
109,2023.11.23,3980.0,180.0,3980.0,3980.0,3700.0,60.0,109.0,109.0,105.0,105.0,105.0,97.0
110,2023.11.22,3800.0,180.0,3995.0,3995.0,3800.0,40.0,110.0,110.0,106.0,106.0,106.0,98.0
111,2023.11.21,3980.0,0.0,3980.0,3980.0,3980.0,30.0,111.0,111.0,107.0,107.0,107.0,99.0
112,2023.11.20,3980.0,15.0,3980.0,3980.0,3980.0,7.0,112.0,112.0,108.0,108.0,108.0,100.0
113,2023.11.17,3995.0,0.0,3995.0,3995.0,3995.0,0.0,113.0,113.0,109.0,109.0,109.0,101.0
114,2023.11.16,3995.0,0.0,3995.0,3995.0,3995.0,0.0,114.0,114.0,110.0,110.0,110.0,102.0
115,2023.11.15,3995.0,10.0,3700.0,3995.0,3700.0,2.0,115.0,115.0,111.0,111.0,111.0,103.0
116,2023.11.14,3985.0,10.0,3800.0,3985.0,3400.0,50.0,116.0,116.0,112.0,112.0,112.0,104.0
117,2023.11.13,3995.0,0.0,3995.0,3995.0,3995.0,0.0,117.0,117.0,113.0,113.0,113.0,105.0
118,2023.11.10,3995.0,105.0,3995.0,3995.0,3995.0,1.0,118.0,118.0,114.0,114.0,114.0,106.0
119,2023.11.09,3890.0,505.0,3890.0,3890.0,3890.0,1.0,119.0,119.0,115.0,115.0,115.0,107.0
120,2023.11.08,3385.0,595.0,3980.0,3980.0,3385.0,128.0,120.0,120.0,116.0,116.0,116.0,108.0
121,2023.11.07,3980.0,0.0,3980.0,3980.0,3980.0,0.0,121.0,121.0,117.0,117.0,117.0,109.0
122,2023.11.06,3980.0,10.0,3985.0,3985.0,3980.0,80.0,122.0,122.0,118.0,118.0,118.0,110.0
123,2023.11.03,3990.0,5.0,3990.0,3990.0,3990.0,20.0,123.0,123.0,119.0,119.0,119.0,111.0
124,2023.11.02,3995.0,0.0,3995.0,3995.0,3995.0,0.0,124.0,124.0,120.0,120.0,120.0,112.0
125,2023.11.01,3995.0,0.0,3995.0,3995.0,3995.0,0.0,125.0,125.0,121.0,121.0,121.0,113.0
126,2023.10.31,3995.0,0.0,3995.0,3995.0,3995.0,10.0,126.0,126.0,122.0,122.0,122.0,114.0
127,2023.10.30,3995.0,5.0,3995.0,3995.0,3995.0,10.0,127.0,127.0,123.0,123.0,123.0,115.0
128,2023.10.27,3990.0,0.0,3990.0,3990.0,3990.0,0.0,128.0,128.0,124.0,124.0,124.0,116.0
129,2023.10.26,3990.0,0.0,3990.0,3990.0,3990.0,30.0,129.0,129.0,125.0,125.0,125.0,117.0
130,2023.10.25,3990.0,0.0,3985.0,3990.0,3985.0,21.0,130.0,130.0,126.0,126.0,126.0,118.0
131,2023.10.24,3990.0,5.0,3995.0,3995.0,3990.0,80.0,131.0,131.0,127.0,127.0,127.0,119.0
132,2023.10.23,3995.0,0.0,3995.0,3995.0,3995.0,20.0,132.0,132.0,128.0,128.0,128.0,120.0
133,2023.10.20,3995.0,0.0,3995.0,3995.0,3995.0,16.0,133.0,133.0,129.0,129.0,129.0,121.0
134,2023.10.19,3995.0,5.0,3995.0,3995.0,3995.0,15.0,134.0,134.0,130.0,130.0,130.0,122.0
135,2023.10.18,4000.0,0.0,4000.0,4000.0,4000.0,49.0,135.0,135.0,131.0,131.0,131.0,123.0
136,2023.10.17,4000.0,0.0,4000.0,4000.0,4000.0,50.0,136.0,136.0,132.0,132.0,132.0,124.0
137,2023.10.16,4000.0,0.0,3995.0,4000.0,3995.0,51.0,137.0,137.0,133.0,133.0,133.0,125.0
138,2023.10.13,4000.0,0.0,4000.0,4000.0,4000.0,50.0,138.0,138.0,134.0,134.0,134.0,126.0
139,2023.10.12,4000.0,0.0,4000.0,4000.0,4000.0,84.0,139.0,139.0,135.0,135.0,135.0,127.0
140,2023.10.11,4000.0,300.0,4000.0,4000.0,3655.0,155.0,140.0,140.0,136.0,136.0,136.0,128.0
141,2023.10.10,4300.0,0.0,4300.0,4300.0,4300.0,0.0,141.0,141.0,137.0,137.0,137.0,129.0
142,2023.10.06,5050.0,30.0,5050.0,5050.0,5050.0,1.0,142.0,142.0,138.0,138.0,138.0,130.0
143,2023.10.05,5080.0,20.0,5080.0,5080.0,5080.0,1.0,143.0,143.0,139.0,139.0,139.0,131.0
144,2023.10.04,5100.0,0.0,5100.0,5100.0,5100.0,1.0,144.0,144.0,140.0,140.0,140.0,132.0
145,2023.09.27,5100.0,535.0,5180.0,5180.0,3885.0,4.0,145.0,145.0,141.0,141.0,141.0,133.0
146,2023.09.26,4565.0,0.0,4565.0,4565.0,4565.0,1.0,146.0,146.0,142.0,142.0,142.0,134.0
147,2023.09.25,4565.0,10.0,4565.0,4565.0,4565.0,1.0,147.0,147.0,143.0,143.0,143.0,135.0
148,2023.09.22,4575.0,5.0,4575.0,4575.0,4575.0,1.0,148.0,148.0,144.0,144.0,144.0,136.0
149,2023.09.21,4580.0,580.0,4580.0,4580.0,4580.0,1.0,149.0,149.0,145.0,145.0,145.0,137.0
150,2023.09.20,4000.0,0.0,3995.0,4000.0,3995.0,11.0,150.0,150.0,146.0,146.0,146.0,138.0
151,2023.09.19,4000.0,0.0,3400.0,4000.0,3400.0,32.0,151.0,151.0,147.0,147.0,147.0,139.0
152,2023.09.18,4000.0,0.0,3995.0,4000.0,3705.0,54.0,152.0,152.0,148.0,148.0,148.0,140.0
153,2023.09.15,4000.0,0.0,3995.0,4000.0,3995.0,101.0,153.0,153.0,149.0,149.0,149.0,141.0
154,2023.09.14,4000.0,0.0,3995.0,4000.0,3505.0,104.0,154.0,154.0,150.0,150.0,150.0,142.0
155,2023.09.13,4000.0,40.0,3435.0,4000.0,3435.0,354.0,155.0,155.0,151.0,151.0,151.0,143.0
156,2023.09.12,4040.0,710.0,5380.0,5380.0,4040.0,227.0,156.0,156.0,152.0,152.0,152.0,144.0
157,2023.09.11,4750.0,0.0,4750.0,4750.0,4750.0,0.0,157.0,157.0,153.0,153.0,153.0,145.0
158,2023.09.08,5580.0,700.0,5580.0,5580.0,5580.0,1.0,158.0,158.0,154.0,154.0,154.0,146.0
159,2023.09.07,4880.0,620.0,4880.0,4880.0,4880.0,1.0,159.0,159.0,155.0,155.0,155.0,147.0
160,2023.09.06,4260.0,750.0,4260.0,4260.0,4260.0,488.0,160.0,160.0,156.0,156.0,156.0,148.0
161,2023.09.05,5010.0,880.0,6280.0,6280.0,5010.0,988.0,161.0,161.0,157.0,157.0,157.0,149.0
162,2023.09.04,5890.0,20.0,5900.0,5900.0,5890.0,251.0,162.0,162.0,158.0,158.0,158.0,150.0
163,2023.09.01,5910.0,1040.0,6480.0,6880.0,5910.0,152.0,163.0,163.0,159.0,159.0,159.0,151.0
164,2023.08.31,6950.0,900.0,6950.0,6950.0,6950.0,1.0,164.0,164.0,160.0,160.0,160.0,152.0
165,2023.08.30,6050.0,750.0,4510.0,6080.0,4510.0,111.0,165.0,165.0,161.0,161.0,161.0,153.0
166,2023.08.29,5300.0,930.0,6210.0,6210.0,5300.0,2.0,166.0,166.0,162.0,162.0,162.0,154.0
167,2023.08.28,6230.0,20.0,6230.0,6230.0,6230.0,1.0,167.0,167.0,163.0,163.0,163.0,155.0
168,2023.08.25,6250.0,10.0,6250.0,6250.0,6250.0,1.0,168.0,168.0,164.0,164.0,164.0,156.0
169,2023.08.24,6260.0,20.0,5340.0,6260.0,5340.0,72.0,169.0,169.0,165.0,165.0,165.0,157.0
170,2023.08.23,6280.0,140.0,6280.0,6280.0,6280.0,1.0,170.0,170.0,166.0,166.0,166.0,158.0
171,2023.08.22,6140.0,30.0,6140.0,6140.0,6140.0,1.0,171.0,171.0,167.0,167.0,167.0,159.0
172,2023.08.21,6170.0,10.0,6170.0,6170.0,6170.0,1.0,172.0,172.0,168.0,168.0,168.0,160.0
173,2023.08.18,6180.0,100.0,6180.0,6180.0,6180.0,1.0,173.0,173.0,169.0,169.0,169.0,161.0
174,2023.08.17,6080.0,10.0,6080.0,6080.0,6080.0,1.0,174.0,174.0,170.0,170.0,170.0,162.0
175,2023.08.16,6090.0,10.0,6090.0,6090.0,6090.0,1.0,175.0,175.0,171.0,171.0,171.0,163.0
176,2023.08.14,6100.0,520.0,6390.0,6390.0,4750.0,23.0,176.0,176.0,172.0,172.0,172.0,164.0
177,2023.08.11,5580.0,0.0,5580.0,5580.0,5580.0,1.0,177.0,177.0,173.0,173.0,173.0,165.0
178,2023.08.10,5580.0,0.0,5580.0,5580.0,5580.0,1.0,178.0,178.0,174.0,174.0,174.0,166.0
179,2023.08.09,5580.0,0.0,5580.0,5580.0,5580.0,0.0,179.0,179.0,175.0,175.0,175.0,167.0
180,2023.08.08,5630.0,0.0,5630.0,5630.0,5630.0,1.0,180.0,180.0,176.0,176.0,176.0,168.0
181,2023.08.07,5630.0,30.0,5630.0,5630.0,5630.0,1.0,181.0,181.0,177.0,177.0,177.0,169.0
182,2023.08.04,5660.0,20.0,5660.0,5660.0,5660.0,1.0,182.0,182.0,178.0,178.0,178.0,170.0
183,2023.08.03,5680.0,70.0,5680.0,5680.0,5680.0,1.0,183.0,183.0,179.0,179.0,179.0,171.0
184,2023.08.02,5750.0,550.0,4420.0,5750.0,4420.0,31.0,184.0,184.0,180.0,180.0,180.0,172.0
185,2023.08.01,5200.0,460.0,5630.0,5630.0,5000.0,12.0,185.0,185.0,181.0,181.0,181.0,173.0
186,2023.07.31,5660.0,20.0,5660.0,5660.0,5660.0,1.0,186.0,186.0,182.0,182.0,182.0,174.0
187,2023.07.28,5680.0,10.0,5680.0,5680.0,5680.0,1.0,187.0,187.0,183.0,183.0,183.0,175.0
188,2023.07.27,5690.0,30.0,5690.0,5690.0,5690.0,1.0,188.0,188.0,184.0,184.0,184.0,176.0
189,2023.07.26,5720.0,10.0,5720.0,5720.0,5720.0,1.0,189.0,189.0,185.0,185.0,185.0,177.0
190,2023.07.25,5730.0,30.0,5730.0,5730.0,5730.0,1.0,190.0,190.0,186.0,186.0,186.0,178.0
191,2023.07.24,5760.0,20.0,5760.0,5760.0,5760.0,1.0,191.0,191.0,187.0,187.0,187.0,179.0
192,2023.07.21,5780.0,0.0,5780.0,5780.0,5780.0,1.0,192.0,192.0,188.0,188.0,188.0,180.0
193,2023.07.20,5780.0,20.0,5780.0,5780.0,5780.0,1.0,193.0,193.0,189.0,189.0,189.0,181.0
194,2023.07.19,5800.0,0.0,5800.0,5800.0,5800.0,1.0,194.0,194.0,190.0,190.0,190.0,182.0
195,2023.07.18,5800.0,20.0,5800.0,5800.0,5800.0,1.0,195.0,195.0,191.0,191.0,191.0,183.0
196,2023.07.17,5820.0,10.0,5820.0,5820.0,5820.0,1.0,196.0,196.0,192.0,192.0,192.0,184.0
197,2023.07.14,5830.0,20.0,5830.0,5830.0,5830.0,1.0,197.0,197.0,193.0,193.0,193.0,185.0
198,2023.07.13,5850.0,10.0,5850.0,5850.0,5850.0,1.0,198.0,198.0,194.0,194.0,194.0,186.0
199,2023.07.12,5860.0,20.0,5860.0,5860.0,5860.0,1.0,199.0,199.0,195.0,195.0,195.0,187.0
200,2023.07.11,5880.0,90.0,5950.0,5950.0,5080.0,5.0,200.0,200.0,196.0,196.0,196.0,188.0
201,2023.07.10,5970.0,710.0,5990.0,5990.0,4480.0,37.0,201.0,201.0,197.0,197.0,197.0,189.0
202,2023.07.07,5260.0,920.0,6180.0,6180.0,5260.0,53.0,202.0,202.0,198.0,198.0,198.0,190.0
203,2023.07.06,6180.0,100.0,6180.0,6180.0,6180.0,1.0,203.0,203.0,199.0,199.0,199.0,191.0
204,2023.07.05,6280.0,300.0,6280.0,6280.0,6280.0,1.0,204.0,204.0,200.0,200.0,200.0,192.0
205,2023.07.04,5980.0,100.0,5980.0,5980.0,5980.0,1.0,205.0,205.0,201.0,201.0,201.0,193.0
206,2023.07.03,5880.0,70.0,4940.0,5880.0,4940.0,11.0,206.0,206.0,202.0,202.0,202.0,194.0
207,2023.06.30,5810.0,10.0,5820.0,5820.0,5810.0,38.0,207.0,207.0,203.0,203.0,203.0,195.0
208,2023.06.29,5820.0,10.0,5820.0,5820.0,5820.0,1.0,208.0,208.0,204.0,204.0,204.0,196.0
209,2023.06.28,5830.0,200.0,5830.0,5830.0,5830.0,1.0,209.0,209.0,205.0,205.0,205.0,197.0
210,2023.06.27,5630.0,60.0,6390.0,6390.0,4840.0,3.0,210.0,210.0,206.0,206.0,206.0,198.0
211,2023.06.26,5690.0,700.0,4245.0,5690.0,4245.0,31.0,211.0,211.0,207.0,207.0,207.0,199.0
212,2023.06.23,4990.0,880.0,6370.0,6370.0,4990.0,533.0,212.0,212.0,208.0,208.0,208.0,200.0
213,2023.06.22,5870.0,120.0,5880.0,5880.0,5870.0,12.0,213.0,213.0,209.0,209.0,209.0,201.0
214,2023.06.21,5750.0,190.0,5560.0,5750.0,4730.0,45.0,214.0,214.0,210.0,210.0,210.0,202.0
215,2023.06.20,5560.0,30.0,5590.0,5590.0,4760.0,12.0,215.0,215.0,211.0,211.0,211.0,203.0
216,2023.06.19,5590.0,40.0,5770.0,5770.0,4720.0,4.0,216.0,216.0,212.0,212.0,212.0,204.0
217,2023.06.16,5550.0,100.0,5880.0,5880.0,4640.0,120.0,217.0,217.0,213.0,213.0,213.0,205.0
218,2023.06.15,5450.0,480.0,5690.0,5690.0,5440.0,99.0,218.0,218.0,214.0,214.0,214.0,206.0
219,2023.06.14,4970.0,870.0,5980.0,5980.0,4970.0,9.0,219.0,219.0,215.0,215.0,215.0,207.0
220,2023.06.13,5840.0,0.0,5840.0,5840.0,4970.0,6.0,220.0,220.0,216.0,216.0,216.0,208.0
221,2023.06.12,5840.0,710.0,5850.0,5850.0,4370.0,52.0,221.0,221.0,217.0,217.0,217.0,209.0
222,2023.06.09,5130.0,900.0,6280.0,6280.0,5130.0,17.0,222.0,222.0,218.0,218.0,218.0,210.0
223,2023.06.08,6030.0,250.0,6280.0,6280.0,5340.0,3.0,223.0,223.0,219.0,219.0,219.0,211.0
224,2023.06.07,6280.0,350.0,6280.0,6280.0,6280.0,1.0,224.0,224.0,220.0,220.0,220.0,212.0
225,2023.06.05,5930.0,280.0,6380.0,6380.0,5280.0,71.0,225.0,225.0,221.0,221.0,221.0,213.0
226,2023.06.02,6210.0,90.0,6280.0,6280.0,5210.0,3.0,226.0,226.0,222.0,222.0,222.0,214.0
227,2023.06.01,6120.0,790.0,6120.0,6120.0,6120.0,1.0,227.0,227.0,223.0,223.0,223.0,215.0
228,2023.05.31,5330.0,930.0,6380.0,6380.0,5330.0,2.0,228.0,228.0,224.0,224.0,224.0,216.0
229,2023.05.30,6260.0,670.0,6410.0,6410.0,4760.0,3.0,229.0,229.0,225.0,225.0,225.0,217.0
230,2023.05.26,5590.0,980.0,6680.0,6680.0,5590.0,2.0,230.0,230.0,226.0,226.0,226.0,218.0
231,2023.05.25,6570.0,400.0,6570.0,6570.0,6570.0,1.0,231.0,231.0,227.0,227.0,227.0,219.0
232,2023.05.24,6170.0,390.0,6170.0,6170.0,6170.0,1.0,232.0,232.0,228.0,228.0,228.0,220.0
233,2023.05.23,6560.0,10.0,6560.0,6560.0,6560.0,1.0,233.0,233.0,229.0,229.0,229.0,221.0
234,2023.05.22,6570.0,10.0,6000.0,6570.0,6000.0,356.0,234.0,234.0,230.0,230.0,230.0,222.0
235,2023.05.19,6580.0,0.0,6580.0,6580.0,6580.0,1.0,235.0,235.0,231.0,231.0,231.0,223.0
236,2023.05.18,6580.0,110.0,6580.0,6580.0,6580.0,1.0,236.0,236.0,232.0,232.0,232.0,224.0
237,2023.05.17,6470.0,120.0,6470.0,6470.0,6470.0,1.0,237.0,237.0,233.0,233.0,233.0,225.0
238,2023.05.16,6590.0,70.0,6590.0,6590.0,6590.0,1.0,238.0,238.0,234.0,234.0,234.0,226.0
239,2023.05.15,6520.0,70.0,6000.0,6520.0,6000.0,351.0,239.0,239.0,235.0,235.0,235.0,227.0
240,2023.05.12,6590.0,190.0,6590.0,6590.0,6590.0,1.0,240.0,240.0,236.0,236.0,236.0,228.0
241,2023.05.11,6400.0,670.0,6400.0,6400.0,6400.0,1.0,241.0,241.0,237.0,237.0,237.0,229.0
242,2023.05.10,5730.0,0.0,5730.0,5730.0,5730.0,0.0,242.0,242.0,238.0,238.0,238.0,230.0
243,2023.05.09,6730.0,20.0,6730.0,6730.0,6730.0,1.0,243.0,243.0,239.0,239.0,239.0,231.0
244,2023.05.08,6750.0,40.0,6750.0,6750.0,6750.0,1.0,244.0,244.0,240.0,240.0,240.0,232.0
245,2023.05.04,6790.0,210.0,6790.0,6790.0,6790.0,1.0,245.0,245.0,241.0,241.0,241.0,233.0
246,2023.05.03,6580.0,0.0,6200.0,6580.0,5600.0,21.0,246.0,246.0,242.0,242.0,242.0,234.0
247,2023.05.02,6580.0,100.0,6580.0,6580.0,6580.0,1.0,247.0,247.0,243.0,243.0,243.0,235.0
248,2023.04.28,6480.0,240.0,6480.0,6480.0,6480.0,1.0,248.0,248.0,244.0,244.0,244.0,236.0
249,2023.04.27,6240.0,60.0,6240.0,6240.0,6240.0,1.0,249.0,249.0,245.0,245.0,245.0,237.0
250,2023.04.26,6300.0,10.0,6300.0,6300.0,6300.0,1.0,250.0,250.0,246.0,246.0,246.0,238.0
251,2023.04.25,6310.0,0.0,6310.0,6310.0,6310.0,1.0,251.0,251.0,247.0,247.0,247.0,239.0
252,2023.04.24,6310.0,20.0,6310.0,6310.0,6310.0,1.0,252.0,252.0,248.0,248.0,248.0,240.0
253,2023.04.21,6330.0,20.0,6330.0,6330.0,6330.0,1.0,253.0,253.0,249.0,249.0,249.0,241.0
254,2023.04.20,6350.0,390.0,6350.0,6350.0,6350.0,1.0,254.0,254.0,250.0,250.0,250.0,242.0
255,2023.04.19,5960.0,20.0,5960.0,5960.0,5960.0,1.0,255.0,255.0,251.0,251.0,251.0,243.0
256,2023.04.18,5980.0,20.0,5980.0,5980.0,5980.0,1.0,256.0,256.0,252.0,252.0,252.0,244.0
257,2023.04.17,6000.0,40.0,6000.0,6000.0,6000.0,1.0,257.0,257.0,253.0,253.0,253.0,245.0
258,2023.04.14,6040.0,10.0,6040.0,6040.0,6040.0,1.0,258.0,258.0,254.0,254.0,254.0,246.0
259,2023.04.13,6050.0,40.0,5600.0,6050.0,5200.0,16.0,259.0,259.0,255.0,255.0,255.0,247.0
260,2023.04.12,6090.0,20.0,6090.0,6090.0,6090.0,1.0,260.0,260.0,256.0,256.0,256.0,248.0
261,2023.04.11,6110.0,80.0,5400.0,6110.0,5400.0,2.0,261.0,261.0,257.0,257.0,257.0,249.0
262,2023.04.10,6190.0,90.0,6190.0,6190.0,6190.0,1.0,262.0,262.0,258.0,258.0,258.0,250.0
263,2023.04.07,6280.0,60.0,6280.0,6280.0,6280.0,1.0,263.0,263.0,259.0,259.0,259.0,251.0
264,2023.04.06,6220.0,20.0,6220.0,6220.0,6220.0,1.0,264.0,264.0,260.0,260.0,260.0,252.0
265,2023.04.05,6240.0,140.0,6370.0,6370.0,5430.0,424.0,265.0,265.0,261.0,261.0,261.0,253.0
266,2023.04.04,6380.0,20.0,6380.0,6380.0,6380.0,2.0,266.0,266.0,262.0,262.0,262.0,254.0
267,2023.04.03,6360.0,20.0,6360.0,6360.0,6360.0,1.0,267.0,267.0,263.0,263.0,263.0,255.0
268,2023.03.31,6380.0,0.0,6380.0,6380.0,6380.0,1.0,268.0,268.0,264.0,264.0,264.0,256.0
269,2023.03.30,6380.0,100.0,6380.0,6380.0,6380.0,1.0,269.0,269.0,265.0,265.0,265.0,257.0
270,2023.03.29,6280.0,390.0,6280.0,6280.0,6280.0,1.0,270.0,270.0,266.0,266.0,266.0,258.0
271,2023.03.28,5890.0,180.0,5200.0,5890.0,5160.0,68.0,271.0,271.0,267.0,267.0,267.0,259.0
272,2023.03.27,6070.0,130.0,5280.0,6160.0,5270.0,9.0,272.0,272.0,268.0,268.0,268.0,260.0
273,2023.03.24,6200.0,30.0,6200.0,6200.0,6200.0,1.0,273.0,273.0,269.0,269.0,269.0,261.0
274,2023.03.23,6230.0,140.0,6350.0,6350.0,6230.0,6.0,274.0,274.0,270.0,270.0,270.0,262.0
275,2023.03.22,6370.0,690.0,6370.0,6370.0,6370.0,1.0,275.0,275.0,271.0,271.0,271.0,263.0
276,2023.03.21,5680.0,1000.0,5680.0,6650.0,5680.0,174.0,276.0,276.0,272.0,272.0,272.0,264.0
277,2023.03.20,6680.0,120.0,6680.0,6680.0,6680.0,1.0,277.0,277.0,273.0,273.0,273.0,265.0
278,2023.03.17,6560.0,290.0,6560.0,6560.0,6560.0,1.0,278.0,278.0,274.0,274.0,274.0,266.0
279,2023.03.16,6270.0,0.0,6270.0,6270.0,6270.0,0.0,279.0,279.0,275.0,275.0,275.0,267.0
280,2023.03.15,7370.0,410.0,7150.0,7370.0,7150.0,2.0,280.0,280.0,276.0,276.0,276.0,268.0
281,2023.03.14,6960.0,130.0,6960.0,6960.0,6960.0,1.0,281.0,281.0,277.0,277.0,277.0,269.0
282,2023.03.13,6830.0,20.0,6830.0,6830.0,6830.0,1.0,282.0,282.0,278.0,278.0,278.0,270.0
283,2023.03.10,6850.0,30.0,6850.0,6850.0,6850.0,1.0,283.0,283.0,279.0,279.0,279.0,271.0
284,2023.03.09,6880.0,0.0,6880.0,6880.0,6880.0,1.0,284.0,284.0,280.0,280.0,280.0,272.0
285,2023.03.08,6880.0,30.0,6880.0,6880.0,6880.0,1.0,285.0,285.0,281.0,281.0,281.0,273.0
286,2023.03.07,6850.0,100.0,6850.0,6850.0,6850.0,1.0,286.0,286.0,282.0,282.0,282.0,274.0
287,2023.03.06,6750.0,390.0,5410.0,6750.0,5410.0,2.0,287.0,287.0,283.0,283.0,283.0,275.0
288,2023.03.03,6360.0,0.0,6360.0,6360.0,6360.0,0.0,288.0,288.0,284.0,284.0,284.0,276.0
289,2023.03.02,7480.0,600.0,7480.0,7480.0,7480.0,1.0,289.0,289.0,285.0,285.0,285.0,277.0
290,2023.02.28,6880.0,110.0,6950.0,6950.0,5760.0,3.0,290.0,290.0,286.0,286.0,286.0,278.0
291,2023.02.27,6770.0,50.0,6770.0,6770.0,6770.0,1.0,291.0,291.0,287.0,287.0,287.0,279.0
292,2023.02.24,6720.0,10.0,6720.0,6720.0,6720.0,1.0,292.0,292.0,288.0,288.0,288.0,280.0
293,2023.02.23,6730.0,20.0,6730.0,6730.0,6730.0,1.0,293.0,293.0,289.0,289.0,289.0,281.0
294,2023.02.22,6750.0,0.0,6750.0,6750.0,6750.0,1.0,294.0,294.0,290.0,290.0,290.0,282.0
295,2023.02.21,6750.0,0.0,6750.0,6750.0,6750.0,1.0,295.0,295.0,291.0,291.0,291.0,283.0
296,2023.02.20,6750.0,380.0,6750.0,6750.0,6750.0,1.0,296.0,296.0,292.0,292.0,292.0,284.0
297,2023.02.17,6370.0,0.0,6730.0,6730.0,5420.0,3.0,297.0,297.0,293.0,293.0,293.0,285.0
298,2023.02.16,6370.0,610.0,6390.0,6390.0,4900.0,3.0,298.0,298.0,294.0,294.0,294.0,286.0
299,2023.02.15,5760.0,1010.0,5760.0,5760.0,5760.0,1.0,299.0,299.0,295.0,295.0,295.0,287.0
300,2023.02.14,6770.0,120.0,6770.0,6770.0,6770.0,1.0,300.0,300.0,296.0,296.0,296.0,288.0
301,2023.02.13,6650.0,100.0,5740.0,6650.0,5740.0,501.0,301.0,301.0,297.0,297.0,297.0,289.0
302,2023.02.10,6750.0,180.0,6750.0,6750.0,6750.0,1.0,302.0,302.0,298.0,298.0,298.0,290.0
303,2023.02.09,6570.0,0.0,6570.0,6570.0,6570.0,1.0,303.0,303.0,299.0,299.0,299.0,291.0
304,2023.02.08,6570.0,10.0,6570.0,6570.0,6570.0,1.0,304.0,304.0,300.0,300.0,300.0,292.0
305,2023.02.07,6580.0,300.0,6580.0,6580.0,6580.0,1.0,305.0,305.0,301.0,301.0,301.0,293.0
306,2023.02.06,6280.0,540.0,6280.0,6280.0,6280.0,1.0,306.0,306.0,302.0,302.0,302.0,294.0
307,2023.02.03,5740.0,20.0,5740.0,5740.0,5740.0,1.0,307.0,307.0,303.0,303.0,303.0,295.0
308,2023.02.02,5760.0,310.0,6570.0,6570.0,5160.0,142.0,308.0,308.0,304.0,304.0,304.0,296.0
309,2023.02.01,6070.0,110.0,6210.0,6210.0,5270.0,302.0,309.0,309.0,305.0,305.0,305.0,297.0
310,2023.01.31,6180.0,270.0,6430.0,6430.0,5500.0,3.0,310.0,310.0,306.0,306.0,306.0,298.0
311,2023.01.30,6450.0,350.0,6450.0,6450.0,6450.0,1.0,311.0,311.0,307.0,307.0,307.0,299.0
312,2023.01.27,6800.0,220.0,6600.0,6800.0,6600.0,6.0,312.0,312.0,308.0,308.0,308.0,300.0
313,2023.01.26,6580.0,590.0,7200.0,7200.0,6580.0,101.0,313.0,313.0,309.0,309.0,309.0,301.0
314,2023.01.25,7170.0,180.0,7200.0,7200.0,7170.0,6.0,314.0,314.0,310.0,310.0,310.0,302.0
315,2023.01.20,6990.0,0.0,6990.0,6990.0,6990.0,1.0,315.0,315.0,311.0,311.0,311.0,303.0
316,2023.01.19,6990.0,0.0,6990.0,6990.0,6990.0,1.0,316.0,316.0,312.0,312.0,312.0,304.0
317,2023.01.18,6990.0,80.0,6990.0,6990.0,6990.0,1.0,317.0,317.0,313.0,313.0,313.0,305.0
318,2023.01.17,6910.0,80.0,6990.0,6990.0,6910.0,2.0,318.0,318.0,314.0,314.0,314.0,306.0
319,2023.01.16,6990.0,190.0,6990.0,6990.0,6990.0,1.0,319.0,319.0,315.0,315.0,315.0,307.0
320,2023.01.13,6800.0,20.0,6800.0,6800.0,6800.0,1.0,320.0,320.0,316.0,316.0,316.0,308.0
321,2023.01.12,6780.0,370.0,6780.0,6780.0,6780.0,1.0,321.0,321.0,317.0,317.0,317.0,309.0
322,2023.01.11,6410.0,170.0,6450.0,6450.0,6410.0,23.0,322.0,322.0,318.0,318.0,318.0,310.0
323,2023.01.10,6580.0,180.0,6580.0,6580.0,6580.0,1.0,323.0,323.0,319.0,319.0,319.0,311.0
324,2023.01.09,6400.0,110.0,6600.0,6600.0,6400.0,3.0,324.0,324.0,320.0,320.0,320.0,312.0
325,2023.01.06,6290.0,10.0,6290.0,6290.0,6290.0,1.0,325.0,325.0,321.0,321.0,321.0,313.0
326,2023.01.05,6300.0,190.0,6580.0,6580.0,6300.0,9.0,326.0,326.0,322.0,322.0,322.0,314.0
327,2023.01.04,6490.0,500.0,6990.0,6990.0,6490.0,4.0,327.0,327.0,323.0,323.0,323.0,315.0
328,2023.01.03,6990.0,200.0,6990.0,6990.0,6990.0,1.0,328.0,328.0,324.0,324.0,324.0,316.0
329,2023.01.02,6790.0,30.0,6800.0,6800.0,6790.0,2.0,329.0,329.0,325.0,325.0,325.0,317.0
330,2022.12.29,6820.0,90.0,6820.0,6820.0,6820.0,1.0,330.0,330.0,326.0,326.0,326.0,318.0
331,2022.12.28,6910.0,220.0,6910.0,6910.0,6910.0,1.0,331.0,331.0,327.0,327.0,327.0,319.0
332,2022.12.27,6690.0,370.0,6690.0,6690.0,6690.0,1.0,332.0,332.0,328.0,328.0,328.0,320.0
333,2022.12.26,7060.0,10.0,7060.0,7060.0,7060.0,1.0,333.0,333.0,329.0,329.0,329.0,321.0
334,2022.12.23,7070.0,210.0,7390.0,7390.0,7070.0,43.0,334.0,334.0,330.0,330.0,330.0,322.0
335,2022.12.22,7280.0,120.0,7280.0,7280.0,7280.0,1.0,335.0,335.0,331.0,331.0,331.0,323.0
336,2022.12.21,7400.0,120.0,7400.0,7400.0,7400.0,1.0,336.0,336.0,332.0,332.0,332.0,324.0
337,2022.12.20,7280.0,910.0,7280.0,7280.0,7280.0,1.0,337.0,337.0,333.0,333.0,333.0,325.0
338,2022.12.19,6370.0,1120.0,7380.0,7380.0,6370.0,5.0,338.0,338.0,334.0,334.0,334.0,326.0
339,2022.12.16,7490.0,80.0,7490.0,7490.0,7490.0,1.0,339.0,339.0,335.0,335.0,335.0,327.0
340,2022.12.15,7570.0,170.0,7570.0,7570.0,7570.0,1.0,340.0,340.0,336.0,336.0,336.0,328.0
341,2022.12.14,7400.0,230.0,7400.0,7400.0,7400.0,1.0,341.0,341.0,337.0,337.0,337.0,329.0
342,2022.12.13,7170.0,10.0,7170.0,7170.0,7170.0,1.0,342.0,342.0,338.0,338.0,338.0,330.0
343,2022.12.12,7180.0,0.0,7180.0,7180.0,7180.0,1.0,343.0,343.0,339.0,339.0,339.0,331.0
344,2022.12.09,7180.0,0.0,7180.0,7180.0,7180.0,2.0,344.0,344.0,340.0,340.0,340.0,332.0
345,2022.12.08,7180.0,600.0,7180.0,7180.0,7180.0,1.0,345.0,345.0,341.0,341.0,341.0,333.0
346,2022.12.07,6580.0,10.0,6580.0,6580.0,6580.0,1.0,346.0,346.0,342.0,342.0,342.0,334.0
347,2022.12.06,6590.0,200.0,6590.0,6590.0,6590.0,1.0,347.0,347.0,343.0,343.0,343.0,335.0
348,2022.12.05,6390.0,680.0,5710.0,6390.0,5710.0,8.0,348.0,348.0,344.0,344.0,344.0,336.0
349,2022.12.02,5710.0,1000.0,6790.0,6790.0,5710.0,11.0,349.0,349.0,345.0,345.0,345.0,337.0
350,2022.12.01,6710.0,80.0,6780.0,6780.0,5780.0,12.0,350.0,350.0,346.0,346.0,346.0,338.0
351,2022.11.30,6790.0,220.0,6790.0,6790.0,6790.0,1.0,351.0,351.0,347.0,347.0,347.0,339.0
352,2022.11.29,6570.0,0.0,6570.0,6570.0,6570.0,1.0,352.0,352.0,348.0,348.0,348.0,340.0
353,2022.11.28,6570.0,120.0,6570.0,6570.0,6570.0,2.0,353.0,353.0,349.0,349.0,349.0,341.0
354,2022.11.25,6450.0,50.0,5540.0,6580.0,5530.0,243.0,354.0,354.0,350.0,350.0,350.0,342.0
355,2022.11.24,6500.0,840.0,6500.0,6500.0,6500.0,1.0,355.0,355.0,351.0,351.0,351.0,343.0
356,2022.11.23,5660.0,990.0,6780.0,6780.0,5660.0,346.0,356.0,356.0,352.0,352.0,352.0,344.0
357,2022.11.22,6650.0,340.0,6740.0,6740.0,5960.0,1002.0,357.0,357.0,353.0,353.0,353.0,345.0
358,2022.11.21,6990.0,40.0,6990.0,6990.0,6990.0,1.0,358.0,358.0,354.0,354.0,354.0,346.0
359,2022.11.18,6950.0,240.0,7380.0,7380.0,6140.0,95.0,359.0,359.0,355.0,355.0,355.0,347.0
360,2022.11.17,7190.0,110.0,7080.0,7190.0,7080.0,8.0,360.0,360.0,356.0,356.0,356.0,348.0
361,2022.11.16,7080.0,0.0,7190.0,7190.0,7080.0,20.0,361.0,361.0,357.0,357.0,357.0,349.0
362,2022.11.15,7080.0,20.0,7190.0,7190.0,7080.0,130.0,362.0,362.0,358.0,358.0,358.0,350.0
363,2022.11.14,7100.0,40.0,7390.0,7390.0,7100.0,155.0,363.0,363.0,359.0,359.0,359.0,351.0
364,2022.11.11,7140.0,60.0,7400.0,7400.0,7140.0,71.0,364.0,364.0,360.0,360.0,360.0,352.0
365,2022.11.10,7200.0,490.0,7000.0,7200.0,6930.0,788.0,365.0,365.0,361.0,361.0,361.0,353.0
366,2022.11.09,6710.0,690.0,6790.0,6790.0,6710.0,105.0,366.0,366.0,362.0,362.0,362.0,354.0
367,2022.11.08,6020.0,980.0,7180.0,7190.0,6020.0,846.0,367.0,367.0,363.0,363.0,363.0,355.0
368,2022.11.07,7000.0,20.0,7000.0,7000.0,7000.0,39.0,368.0,368.0,364.0,364.0,364.0,356.0
369,2022.11.04,6980.0,10.0,7190.0,7190.0,6980.0,6.0,369.0,369.0,365.0,365.0,365.0,357.0
370,2022.11.03,6990.0,200.0,6990.0,6990.0,6990.0,1.0,370.0,370.0,366.0,366.0,366.0,358.0
371,2022.11.02,6790.0,110.0,6790.0,6790.0,6790.0,1.0,371.0,371.0,367.0,367.0,367.0,359.0
372,2022.11.01,6680.0,1170.0,6680.0,6680.0,6680.0,1.0,372.0,372.0,368.0,368.0,368.0,360.0
373,2022.10.31,7850.0,480.0,7850.0,7850.0,7850.0,1.0,373.0,373.0,369.0,369.0,369.0,361.0
374,2022.10.28,7370.0,190.0,7370.0,7370.0,7370.0,1.0,374.0,374.0,370.0,370.0,370.0,362.0
375,2022.10.27,7180.0,210.0,7180.0,7180.0,7180.0,1.0,375.0,375.0,371.0,371.0,371.0,363.0
376,2022.10.26,6970.0,190.0,6970.0,6970.0,6970.0,1.0,376.0,376.0,372.0,372.0,372.0,364.0
377,2022.10.25,6780.0,230.0,6780.0,6780.0,6780.0,1.0,377.0,377.0,373.0,373.0,373.0,365.0
378,2022.10.24,6550.0,30.0,6550.0,6550.0,6550.0,0.0,378.0,378.0,374.0,374.0,374.0,366.0
379,2022.10.21,6580.0,100.0,6580.0,6580.0,6580.0,1.0,379.0,379.0,375.0,375.0,375.0,367.0
380,2022.10.20,6480.0,370.0,6480.0,6480.0,6480.0,0.0,380.0,380.0,376.0,376.0,376.0,368.0
381,2022.10.19,6850.0,140.0,6850.0,6850.0,6850.0,1.0,381.0,381.0,377.0,377.0,377.0,369.0
382,2022.10.18,6990.0,30.0,6990.0,6990.0,6990.0,1.0,382.0,382.0,378.0,378.0,378.0,370.0
383,2022.10.17,6960.0,100.0,6960.0,6960.0,6960.0,1.0,383.0,383.0,379.0,379.0,379.0,371.0
384,2022.10.14,6860.0,30.0,6860.0,6860.0,6860.0,1.0,384.0,384.0,380.0,380.0,380.0,372.0
385,2022.10.13,6890.0,100.0,6890.0,6890.0,6890.0,1.0,385.0,385.0,381.0,381.0,381.0,373.0
386,2022.10.12,6990.0,150.0,6990.0,6990.0,6990.0,1.0,386.0,386.0,382.0,382.0,382.0,374.0
387,2022.10.11,6840.0,60.0,6840.0,6840.0,6840.0,1.0,387.0,387.0,383.0,383.0,383.0,375.0
388,2022.10.07,6780.0,10.0,6780.0,6780.0,6780.0,1.0,388.0,388.0,384.0,384.0,384.0,376.0
389,2022.10.06,6790.0,140.0,6790.0,6790.0,6790.0,1.0,389.0,389.0,385.0,385.0,385.0,377.0
390,2022.10.05,6650.0,130.0,6650.0,6650.0,6650.0,0.0,390.0,390.0,386.0,386.0,386.0,378.0
391,2022.10.04,6780.0,0.0,6850.0,6850.0,5770.0,8.0,391.0,391.0,387.0,387.0,387.0,379.0
392,2022.09.30,6780.0,90.0,6780.0,6780.0,6780.0,1.0,392.0,392.0,388.0,388.0,388.0,380.0
393,2022.09.29,6690.0,240.0,6690.0,6690.0,6690.0,0.0,393.0,393.0,389.0,389.0,389.0,381.0
394,2022.09.28,6930.0,200.0,6930.0,6930.0,6930.0,1.0,394.0,394.0,390.0,390.0,390.0,382.0
395,2022.09.27,6730.0,60.0,6730.0,6730.0,6730.0,0.0,395.0,395.0,391.0,391.0,391.0,383.0
396,2022.09.26,6790.0,300.0,6790.0,6790.0,6790.0,1.0,396.0,396.0,392.0,392.0,392.0,384.0
397,2022.09.23,6490.0,230.0,6490.0,6490.0,6490.0,0.0,397.0,397.0,393.0,393.0,393.0,385.0
398,2022.09.22,6720.0,60.0,6720.0,6720.0,6720.0,0.0,398.0,398.0,394.0,394.0,394.0,386.0
399,2022.09.21,6780.0,80.0,6780.0,6780.0,6780.0,1.0,399.0,399.0,395.0,395.0,395.0,387.0
400,2022.09.20,6700.0,10.0,6700.0,6700.0,6700.0,13.0,400.0,400.0,396.0,396.0,396.0,388.0
401,2022.09.19,6710.0,20.0,6710.0,6710.0,6710.0,6.0,401.0,401.0,397.0,397.0,397.0,389.0
402,2022.09.16,6730.0,30.0,6730.0,6730.0,6730.0,1.0,402.0,402.0,398.0,398.0,398.0,390.0
403,2022.09.15,6760.0,0.0,6760.0,6760.0,6760.0,0.0,403.0,403.0,399.0,399.0,399.0,391.0
404,2022.09.14,6760.0,140.0,6760.0,6760.0,6760.0,1.0,404.0,404.0,400.0,400.0,400.0,392.0
405,2022.09.13,6620.0,80.0,6620.0,6620.0,6620.0,0.0,405.0,405.0,401.0,401.0,401.0,393.0
406,2022.09.08,6700.0,0.0,6700.0,6700.0,6700.0,0.0,406.0,406.0,402.0,402.0,402.0,394.0
407,2022.09.07,6700.0,80.0,6700.0,6700.0,6700.0,0.0,407.0,407.0,403.0,403.0,403.0,395.0
408,2022.09.06,6780.0,90.0,6780.0,6780.0,6780.0,0.0,408.0,408.0,404.0,404.0,404.0,396.0
409,2022.09.05,6870.0,130.0,6870.0,6870.0,6870.0,0.0,409.0,409.0,405.0,405.0,405.0,397.0
410,2022.09.02,7000.0,90.0,7000.0,7000.0,7000.0,1.0,410.0,410.0,406.0,406.0,406.0,398.0
411,2022.09.01,6910.0,230.0,6910.0,6910.0,6910.0,0.0,411.0,411.0,407.0,407.0,407.0,399.0
412,2022.08.31,7140.0,50.0,6120.0,7140.0,6120.0,21.0,412.0,412.0,408.0,408.0,408.0,400.0
413,2022.08.30,7190.0,10.0,7190.0,7190.0,7190.0,0.0,413.0,413.0,409.0,409.0,409.0,401.0
414,2022.08.29,7200.0,220.0,7200.0,7200.0,7200.0,1.0,414.0,414.0,410.0,410.0,410.0,402.0
415,2022.08.26,6980.0,210.0,6980.0,6980.0,6980.0,1.0,415.0,415.0,411.0,411.0,411.0,403.0
416,2022.08.25,6770.0,150.0,6770.0,6770.0,6770.0,0.0,416.0,416.0,412.0,412.0,412.0,404.0
417,2022.08.24,6920.0,150.0,6920.0,6920.0,6920.0,0.0,417.0,417.0,413.0,413.0,413.0,405.0
418,2022.08.23,7070.0,60.0,7070.0,7070.0,7070.0,0.0,418.0,418.0,414.0,414.0,414.0,406.0
419,2022.08.22,7130.0,50.0,7130.0,7130.0,7130.0,0.0,419.0,419.0,415.0,415.0,415.0,407.0
420,2022.08.19,7180.0,130.0,7180.0,7180.0,7180.0,1.0,420.0,420.0,416.0,416.0,416.0,408.0
421,2022.08.18,7050.0,70.0,7050.0,7050.0,7050.0,0.0,421.0,421.0,417.0,417.0,417.0,409.0
422,2022.08.17,7120.0,50.0,7120.0,7120.0,7120.0,1.0,422.0,422.0,418.0,418.0,418.0,410.0
423,2022.08.16,7070.0,0.0,7070.0,7070.0,7070.0,1.0,423.0,423.0,419.0,419.0,419.0,411.0
424,2022.08.12,7070.0,140.0,7070.0,7070.0,7070.0,1.0,424.0,424.0,420.0,420.0,420.0,412.0
425,2022.08.11,6930.0,0.0,6930.0,6930.0,6930.0,0.0,425.0,425.0,421.0,421.0,421.0,413.0
426,2022.08.10,6930.0,180.0,6050.0,6930.0,6050.0,31.0,426.0,426.0,422.0,422.0,422.0,414.0
427,2022.08.09,7110.0,0.0,7110.0,7110.0,7110.0,0.0,427.0,427.0,423.0,423.0,423.0,415.0
428,2022.08.08,7110.0,70.0,7110.0,7110.0,7110.0,0.0,428.0,428.0,424.0,424.0,424.0,416.0
429,2022.08.05,7180.0,210.0,7180.0,7180.0,7180.0,1.0,429.0,429.0,425.0,425.0,425.0,417.0
430,2022.08.04,6970.0,160.0,6970.0,6970.0,6970.0,1.0,430.0,430.0,426.0,426.0,426.0,418.0
431,2022.08.03,6810.0,60.0,6850.0,6850.0,6810.0,31.0,431.0,431.0,427.0,427.0,427.0,419.0
432,2022.08.02,6750.0,160.0,6750.0,6750.0,6750.0,1.0,432.0,432.0,428.0,428.0,428.0,420.0
433,2022.08.01,6590.0,20.0,6590.0,6590.0,6590.0,0.0,433.0,433.0,429.0,429.0,429.0,421.0
434,2022.07.29,6610.0,110.0,6610.0,6610.0,6610.0,0.0,434.0,434.0,430.0,430.0,430.0,422.0
435,2022.07.28,6720.0,0.0,6720.0,6720.0,6720.0,0.0,435.0,435.0,431.0,431.0,431.0,423.0
436,2022.07.27,6720.0,20.0,6720.0,6720.0,6720.0,1.0,436.0,436.0,432.0,432.0,432.0,424.0
437,2022.07.26,6700.0,90.0,6700.0,6700.0,6700.0,0.0,437.0,437.0,433.0,433.0,433.0,425.0
438,2022.07.25,6790.0,140.0,6790.0,6790.0,6790.0,1.0,438.0,438.0,434.0,434.0,434.0,426.0
439,2022.07.22,6650.0,140.0,6650.0,6650.0,6650.0,0.0,439.0,439.0,435.0,435.0,435.0,427.0
440,2022.07.21,6790.0,100.0,6790.0,6790.0,6790.0,1.0,440.0,440.0,436.0,436.0,436.0,428.0
441,2022.07.20,6690.0,100.0,6690.0,6690.0,6690.0,1.0,441.0,441.0,437.0,437.0,437.0,429.0
442,2022.07.19,6590.0,10.0,6590.0,6590.0,6590.0,0.0,442.0,442.0,438.0,438.0,438.0,430.0
443,2022.07.18,6600.0,0.0,6600.0,6600.0,6600.0,0.0,443.0,443.0,439.0,439.0,439.0,431.0
444,2022.07.15,6600.0,0.0,6600.0,6600.0,6600.0,1.0,444.0,444.0,440.0,440.0,440.0,432.0
445,2022.07.14,6600.0,0.0,6600.0,6600.0,6600.0,1.0,445.0,445.0,441.0,441.0,441.0,433.0
446,2022.07.13,6600.0,180.0,6600.0,6600.0,6600.0,1.0,446.0,446.0,442.0,442.0,442.0,434.0
447,2022.07.12,6780.0,20.0,6780.0,6780.0,6780.0,1.0,447.0,447.0,443.0,443.0,443.0,435.0
448,2022.07.11,6800.0,210.0,6800.0,6800.0,6800.0,1.0,448.0,448.0,444.0,444.0,444.0,436.0
449,2022.07.08,6590.0,10.0,6590.0,6590.0,6590.0,1.0,449.0,449.0,445.0,445.0,445.0,437.0
450,2022.07.07,6600.0,160.0,6660.0,6660.0,6600.0,100.0,450.0,450.0,446.0,446.0,446.0,438.0
451,2022.07.06,6760.0,100.0,6760.0,6760.0,6760.0,1.0,451.0,451.0,447.0,447.0,447.0,439.0
452,2022.07.05,6660.0,130.0,6660.0,6660.0,6660.0,1.0,452.0,452.0,448.0,448.0,448.0,440.0
453,2022.07.04,6790.0,130.0,6790.0,6790.0,6790.0,1.0,453.0,453.0,449.0,449.0,449.0,441.0
454,2022.07.01,6660.0,50.0,6660.0,6660.0,6660.0,1.0,454.0,454.0,450.0,450.0,450.0,442.0
455,2022.06.30,6710.0,70.0,6710.0,6710.0,6710.0,1.0,455.0,455.0,451.0,451.0,451.0,443.0
456,2022.06.29,6780.0,20.0,6780.0,6780.0,6780.0,1.0,456.0,456.0,452.0,452.0,452.0,444.0
457,2022.06.28,6760.0,20.0,6760.0,6760.0,6760.0,1.0,457.0,457.0,453.0,453.0,453.0,445.0
458,2022.06.27,6780.0,10.0,6780.0,6780.0,6780.0,1.0,458.0,458.0,454.0,454.0,454.0,446.0
459,2022.06.24,6790.0,100.0,6790.0,6790.0,6790.0,1.0,459.0,459.0,455.0,455.0,455.0,447.0
460,2022.06.23,6690.0,80.0,6800.0,6800.0,5620.0,444.0,460.0,460.0,456.0,456.0,456.0,448.0
461,2022.06.22,6610.0,10.0,6790.0,6790.0,5620.0,202.0,461.0,461.0,457.0,457.0,457.0,449.0
462,2022.06.21,6600.0,200.0,6600.0,6600.0,6600.0,1.0,462.0,462.0,458.0,458.0,458.0,450.0
463,2022.06.20,6400.0,0.0,6400.0,6400.0,6400.0,0.0,463.0,463.0,459.0,459.0,459.0,451.0
464,2022.06.17,6400.0,300.0,6400.0,6400.0,6400.0,1.0,464.0,464.0,460.0,460.0,460.0,452.0
465,2022.06.16,6100.0,100.0,5600.0,6200.0,5600.0,361.0,465.0,465.0,461.0,461.0,461.0,453.0
466,2022.06.15,6000.0,600.0,6400.0,6400.0,6000.0,20.0,466.0,466.0,462.0,462.0,462.0,454.0
467,2022.06.14,6600.0,210.0,6400.0,6600.0,6400.0,6.0,467.0,467.0,463.0,463.0,463.0,455.0
468,2022.06.13,6390.0,0.0,6390.0,6390.0,6390.0,0.0,468.0,468.0,464.0,464.0,464.0,456.0
469,2022.06.10,6390.0,190.0,6390.0,6390.0,6390.0,4.0,469.0,469.0,465.0,465.0,465.0,457.0
470,2022.06.09,6200.0,300.0,6200.0,6200.0,6200.0,1.0,470.0,470.0,466.0,466.0,466.0,458.0
471,2022.06.08,5900.0,0.0,5900.0,5900.0,5900.0,0.0,471.0,471.0,467.0,467.0,467.0,459.0
472,2022.06.07,5900.0,490.0,6400.0,6400.0,5900.0,507.0,472.0,472.0,468.0,468.0,468.0,460.0
473,2022.06.03,6390.0,190.0,6390.0,6390.0,6390.0,1.0,473.0,473.0,469.0,469.0,469.0,461.0
474,2022.06.02,6200.0,390.0,5650.0,6200.0,5650.0,1174.0,474.0,474.0,470.0,470.0,470.0,462.0
475,2022.05.31,6590.0,10.0,6590.0,6590.0,6590.0,0.0,475.0,475.0,471.0,471.0,471.0,463.0
476,2022.05.30,6600.0,0.0,6600.0,6600.0,6600.0,0.0,476.0,476.0,472.0,472.0,472.0,464.0
477,2022.05.27,6600.0,0.0,6600.0,6600.0,6600.0,0.0,477.0,477.0,473.0,473.0,473.0,465.0
478,2022.05.26,6600.0,0.0,6400.0,6600.0,5900.0,593.0,478.0,478.0,474.0,474.0,474.0,466.0
479,2022.05.25,6600.0,0.0,6400.0,6800.0,6400.0,9.0,479.0,479.0,475.0,475.0,475.0,467.0
480,2022.05.24,6600.0,0.0,6770.0,6770.0,6400.0,7.0,480.0,480.0,476.0,476.0,476.0,468.0
481,2022.05.23,6600.0,0.0,6790.0,6790.0,6400.0,7.0,481.0,481.0,477.0,477.0,477.0,469.0
482,2022.05.20,6600.0,0.0,6600.0,6600.0,6600.0,1.0,482.0,482.0,478.0,478.0,478.0,470.0
483,2022.05.19,6600.0,200.0,6400.0,6600.0,6200.0,1117.0,483.0,483.0,479.0,479.0,479.0,471.0
484,2022.05.18,6800.0,200.0,6800.0,6800.0,6800.0,1.0,484.0,484.0,480.0,480.0,480.0,472.0
485,2022.05.17,6600.0,20.0,6600.0,6600.0,6400.0,3.0,485.0,485.0,481.0,481.0,481.0,473.0
486,2022.05.16,6580.0,180.0,6200.0,6580.0,6200.0,5.0,486.0,486.0,482.0,482.0,482.0,474.0
487,2022.05.13,6400.0,400.0,6000.0,6650.0,6000.0,1387.0,487.0,487.0,483.0,483.0,483.0,475.0
488,2022.05.12,6000.0,0.0,6200.0,6200.0,5600.0,12.0,488.0,488.0,484.0,484.0,484.0,476.0
489,2022.05.11,6000.0,400.0,6000.0,6000.0,6000.0,128.0,489.0,489.0,485.0,485.0,485.0,477.0
490,2022.05.10,5600.0,200.0,5400.0,5600.0,5050.0,596.0,490.0,490.0,486.0,486.0,486.0,478.0
491,2022.05.09,5400.0,10.0,5600.0,5600.0,5400.0,6.0,491.0,491.0,487.0,487.0,487.0,479.0
492,2022.05.06,5390.0,190.0,5390.0,5390.0,5390.0,1.0,492.0,492.0,488.0,488.0,488.0,480.0
493,2022.05.04,5200.0,50.0,5200.0,5200.0,5200.0,2.0,493.0,493.0,489.0,489.0,489.0,481.0
494,2022.05.03,5150.0,195.0,5200.0,5200.0,4960.0,132.0,494.0,494.0,490.0,490.0,490.0,482.0
495,2022.05.02,4955.0,215.0,4980.0,4980.0,4955.0,88.0,495.0,495.0,491.0,491.0,491.0,483.0
496,2022.04.29,5170.0,215.0,5200.0,5200.0,5000.0,172.0,496.0,496.0,492.0,492.0,492.0,484.0
497,2022.04.28,4955.0,295.0,5400.0,5400.0,4955.0,91.0,497.0,497.0,493.0,493.0,493.0,485.0
498,2022.04.27,5250.0,0.0,5250.0,5250.0,5250.0,0.0,498.0,498.0,494.0,494.0,494.0,486.0
499,2022.04.26,5250.0,50.0,5250.0,5250.0,5100.0,126.0,499.0,499.0,495.0,495.0,495.0,487.0
500,2022.04.25,5300.0,50.0,5300.0,5300.0,5050.0,92.0,500.0,500.0,496.0,496.0,496.0,488.0
501,2022.04.22,5250.0,50.0,5400.0,5400.0,5000.0,291.0,501.0,501.0,497.0,497.0,497.0,489.0
502,2022.04.21,5200.0,0.0,5050.0,5200.0,5050.0,408.0,502.0,502.0,498.0,498.0,498.0,490.0
503,2022.04.20,5200.0,300.0,5200.0,5200.0,5200.0,277.0,503.0,503.0,499.0,499.0,499.0,491.0
504,2022.04.19,5500.0,0.0,5500.0,5500.0,5320.0,314.0,504.0,504.0,500.0,500.0,500.0,492.0
505,2022.04.18,5500.0,100.0,5350.0,5800.0,5200.0,899.0,505.0,505.0,501.0,501.0,501.0,493.0
506,2022.04.15,5400.0,400.0,5020.0,5600.0,5010.0,2235.0,506.0,506.0,502.0,502.0,502.0,494.0
507,2022.04.14,5800.0,80.0,5610.0,6200.0,5050.0,1027.0,507.0,507.0,503.0,503.0,503.0,495.0
508,2022.04.13,5880.0,720.0,6610.0,6610.0,5610.0,1314.0,508.0,508.0,504.0,504.0,504.0,496.0
509,2022.04.12,6600.0,790.0,6610.0,7200.0,6290.0,413.0,509.0,509.0,505.0,505.0,505.0,497.0
510,2022.04.11,7390.0,200.0,7390.0,7390.0,7390.0,1.0,510.0,510.0,506.0,506.0,506.0,498.0
511,2022.04.08,7190.0,420.0,7400.0,7400.0,6470.0,1122.0,511.0,511.0,507.0,507.0,507.0,499.0
512,2022.04.07,7610.0,20.0,7620.0,7620.0,7610.0,261.0,512.0,512.0,508.0,508.0,508.0,500.0
513,2022.04.06,7630.0,10.0,7630.0,7630.0,7630.0,1.0,513.0,513.0,509.0,509.0,509.0,501.0
514,2022.04.05,7620.0,30.0,7620.0,7620.0,7620.0,1.0,514.0,514.0,510.0,510.0,510.0,502.0
515,2022.04.04,7590.0,60.0,7590.0,7590.0,7590.0,0.0,515.0,515.0,511.0,511.0,511.0,503.0
516,2022.04.01,7650.0,20.0,7650.0,7650.0,7650.0,1.0,516.0,516.0,512.0,512.0,512.0,504.0
517,2022.03.31,7670.0,0.0,7670.0,7670.0,7670.0,1.0,517.0,517.0,513.0,513.0,513.0,505.0
518,2022.03.30,7670.0,130.0,7670.0,7670.0,7670.0,1.0,518.0,518.0,514.0,514.0,514.0,506.0
519,2022.03.29,7540.0,50.0,7540.0,7540.0,7540.0,0.0,519.0,519.0,515.0,515.0,515.0,507.0
520,2022.03.28,7590.0,160.0,7400.0,7680.0,7000.0,818.0,520.0,520.0,516.0,516.0,516.0,508.0
521,2022.03.25,7750.0,40.0,7400.0,7770.0,7000.0,457.0,521.0,521.0,517.0,517.0,517.0,509.0
522,2022.03.24,7790.0,220.0,7400.0,7790.0,7400.0,6.0,522.0,522.0,518.0,518.0,518.0,510.0
523,2022.03.23,7570.0,10.0,7570.0,7570.0,7200.0,517.0,523.0,523.0,519.0,519.0,519.0,511.0
524,2022.03.22,7580.0,10.0,7590.0,7590.0,7200.0,537.0,524.0,524.0,520.0,520.0,520.0,512.0
525,2022.03.21,7590.0,10.0,7590.0,7590.0,7590.0,1.0,525.0,525.0,521.0,521.0,521.0,513.0
526,2022.03.18,7600.0,140.0,7600.0,7700.0,7400.0,2592.0,526.0,526.0,522.0,522.0,522.0,514.0
527,2022.03.17,7740.0,20.0,7400.0,7740.0,7400.0,6.0,527.0,527.0,523.0,523.0,523.0,515.0
528,2022.03.16,7760.0,120.0,7600.0,7760.0,7600.0,6.0,528.0,528.0,524.0,524.0,524.0,516.0
529,2022.03.15,7640.0,240.0,7590.0,7790.0,7400.0,28.0,529.0,529.0,525.0,525.0,525.0,517.0
530,2022.03.14,7400.0,390.0,7600.0,7770.0,7400.0,11.0,530.0,530.0,526.0,526.0,526.0,518.0
531,2022.03.11,7790.0,190.0,7590.0,7800.0,7590.0,21.0,531.0,531.0,527.0,527.0,527.0,519.0
532,2022.03.10,7600.0,50.0,7590.0,7690.0,7200.0,33.0,532.0,532.0,528.0,528.0,528.0,520.0
533,2022.03.08,7550.0,100.0,7550.0,7550.0,7550.0,1.0,533.0,533.0,529.0,529.0,529.0,521.0
534,2022.03.07,7650.0,40.0,7400.0,7670.0,7400.0,76.0,534.0,534.0,530.0,530.0,530.0,522.0
535,2022.03.04,7690.0,10.0,7590.0,7690.0,7590.0,16.0,535.0,535.0,531.0,531.0,531.0,523.0
536,2022.03.03,7700.0,10.0,7400.0,7700.0,7400.0,6.0,536.0,536.0,532.0,532.0,532.0,524.0
537,2022.03.02,7690.0,0.0,7690.0,7690.0,7690.0,1.0,537.0,537.0,533.0,533.0,533.0,525.0
538,2022.02.28,7690.0,0.0,7660.0,7690.0,7400.0,8.0,538.0,538.0,534.0,534.0,534.0,526.0
539,2022.02.25,7690.0,110.0,7590.0,7800.0,7400.0,22.0,539.0,539.0,535.0,535.0,535.0,527.0
540,2022.02.24,7580.0,20.0,7580.0,7580.0,7580.0,1.0,540.0,540.0,536.0,536.0,536.0,528.0
541,2022.02.23,7600.0,70.0,7400.0,7600.0,7400.0,6.0,541.0,541.0,537.0,537.0,537.0,529.0
542,2022.02.22,7670.0,30.0,7670.0,7670.0,7670.0,1.0,542.0,542.0,538.0,538.0,538.0,530.0
543,2022.02.21,7700.0,40.0,7600.0,7700.0,7000.0,22.0,543.0,543.0,539.0,539.0,539.0,531.0
544,2022.02.18,7660.0,60.0,7600.0,7660.0,7600.0,12.0,544.0,544.0,540.0,540.0,540.0,532.0
545,2022.02.17,7600.0,140.0,7400.0,7600.0,7400.0,6.0,545.0,545.0,541.0,541.0,541.0,533.0
546,2022.02.16,7740.0,40.0,7740.0,7740.0,7740.0,1.0,546.0,546.0,542.0,542.0,542.0,534.0
547,2022.02.15,7780.0,10.0,7780.0,7780.0,7780.0,0.0,547.0,547.0,543.0,543.0,543.0,535.0
548,2022.02.14,7790.0,20.0,7400.0,7790.0,7400.0,6.0,548.0,548.0,544.0,544.0,544.0,536.0
549,2022.02.11,7770.0,30.0,7770.0,7770.0,7770.0,1.0,549.0,549.0,545.0,545.0,545.0,537.0
550,2022.02.10,7800.0,20.0,7400.0,7800.0,7400.0,17.0,550.0,550.0,546.0,546.0,546.0,538.0
551,2022.02.09,7780.0,10.0,7970.0,7970.0,7200.0,54.0,551.0,551.0,547.0,547.0,547.0,539.0
552,2022.02.08,7790.0,190.0,7600.0,7800.0,7400.0,25.0,552.0,552.0,548.0,548.0,548.0,540.0
553,2022.02.07,7600.0,400.0,7390.0,7600.0,7390.0,11.0,553.0,553.0,549.0,549.0,549.0,541.0
554,2022.02.04,7200.0,400.0,7200.0,7200.0,7200.0,4.0,554.0,554.0,550.0,550.0,550.0,542.0
555,2022.02.03,7600.0,70.0,7400.0,7600.0,7400.0,6.0,555.0,555.0,551.0,551.0,551.0,543.0
556,2022.01.28,7670.0,120.0,7670.0,7670.0,7670.0,0.0,556.0,556.0,552.0,552.0,552.0,544.0
557,2022.01.27,7790.0,10.0,7600.0,7790.0,7400.0,26.0,557.0,557.0,553.0,553.0,553.0,545.0
558,2022.01.26,7800.0,10.0,7980.0,7980.0,7200.0,57.0,558.0,558.0,554.0,554.0,554.0,546.0
559,2022.01.25,7790.0,0.0,7790.0,7790.0,7790.0,1.0,559.0,559.0,555.0,555.0,555.0,547.0
560,2022.01.24,7790.0,0.0,7790.0,7790.0,7790.0,1.0,560.0,560.0,556.0,556.0,556.0,548.0
561,2022.01.21,7790.0,100.0,7790.0,7790.0,7790.0,1.0,561.0,561.0,557.0,557.0,557.0,549.0
562,2022.01.20,7690.0,90.0,7690.0,7690.0,7690.0,0.0,562.0,562.0,558.0,558.0,558.0,550.0
563,2022.01.19,7780.0,20.0,7780.0,7780.0,7780.0,1.0,563.0,563.0,559.0,559.0,559.0,551.0
564,2022.01.18,7760.0,10.0,7600.0,7760.0,7600.0,6.0,564.0,564.0,560.0,560.0,560.0,552.0
565,2022.01.17,7770.0,20.0,7770.0,7770.0,7770.0,0.0,565.0,565.0,561.0,561.0,561.0,553.0
566,2022.01.14,7790.0,20.0,7790.0,7790.0,7790.0,1.0,566.0,566.0,562.0,562.0,562.0,554.0
567,2022.01.13,7770.0,30.0,7770.0,7770.0,7770.0,0.0,567.0,567.0,563.0,563.0,563.0,555.0
568,2022.01.12,7800.0,100.0,7600.0,7800.0,7600.0,19.0,568.0,568.0,564.0,564.0,564.0,556.0
569,2022.01.11,7900.0,80.0,7900.0,7900.0,7900.0,0.0,569.0,569.0,565.0,565.0,565.0,557.0
570,2022.01.10,7980.0,40.0,7600.0,7980.0,7600.0,6.0,570.0,570.0,566.0,566.0,566.0,558.0
571,2022.01.07,7940.0,340.0,7940.0,7940.0,7940.0,11.0,571.0,571.0,567.0,567.0,567.0,559.0
572,2022.01.06,7600.0,210.0,7600.0,7790.0,7000.0,218.0,572.0,572.0,568.0,568.0,568.0,560.0
573,2022.01.05,7390.0,10.0,7000.0,7390.0,7000.0,116.0,573.0,573.0,569.0,569.0,569.0,561.0
574,2022.01.04,7400.0,10.0,7200.0,7400.0,7000.0,62.0,574.0,574.0,570.0,570.0,570.0,562.0
575,2022.01.03,7390.0,0.0,7000.0,7390.0,6900.0,163.0,575.0,575.0,571.0,571.0,571.0,563.0
576,2021.12.30,7390.0,200.0,6980.0,7390.0,6980.0,348.0,576.0,576.0,572.0,572.0,572.0,564.0
577,2021.12.29,7190.0,290.0,7190.0,7190.0,7190.0,1.0,577.0,577.0,573.0,573.0,573.0,565.0
578,2021.12.28,6900.0,290.0,7200.0,7200.0,6900.0,116.0,578.0,578.0,574.0,574.0,574.0,566.0
579,2021.12.27,7190.0,190.0,7190.0,7190.0,7190.0,1.0,579.0,579.0,575.0,575.0,575.0,567.0
580,2021.12.24,7000.0,10.0,7400.0,7400.0,7000.0,16.0,580.0,580.0,576.0,576.0,576.0,568.0
581,2021.12.23,6990.0,200.0,7000.0,7000.0,6990.0,9.0,581.0,581.0,577.0,577.0,577.0,569.0
582,2021.12.22,7190.0,0.0,7400.0,7790.0,6990.0,168.0,582.0,582.0,578.0,578.0,578.0,570.0
583,2021.12.21,7190.0,210.0,7190.0,7190.0,7190.0,200.0,583.0,583.0,579.0,579.0,579.0,571.0
584,2021.12.20,7400.0,200.0,7400.0,7600.0,7200.0,13.0,584.0,584.0,580.0,580.0,580.0,572.0
585,2021.12.17,7200.0,390.0,7600.0,7800.0,7200.0,17.0,585.0,585.0,581.0,581.0,581.0,573.0
586,2021.12.16,7590.0,200.0,7180.0,7600.0,7180.0,213.0,586.0,586.0,582.0,582.0,582.0,574.0
587,2021.12.15,7390.0,120.0,7390.0,7390.0,7390.0,1.0,587.0,587.0,583.0,583.0,583.0,575.0
588,2021.12.14,7270.0,210.0,7060.0,7270.0,7060.0,11.0,588.0,588.0,584.0,584.0,584.0,576.0
589,2021.12.13,7060.0,1240.0,8690.0,8690.0,7060.0,260.0,589.0,589.0,585.0,585.0,585.0,577.0
590,2021.12.10,8300.0,560.0,8890.0,8890.0,6700.0,970.0,590.0,590.0,586.0,586.0,586.0,578.0
591,2021.12.09,7740.0,1360.0,7740.0,7740.0,7740.0,241.0,591.0,591.0,587.0,587.0,587.0,579.0
592,2021.12.08,9100.0,1110.0,9100.0,9100.0,9100.0,1.0,592.0,592.0,588.0,588.0,588.0,580.0
593,2021.12.07,7990.0,420.0,7990.0,7990.0,7990.0,200.0,593.0,593.0,589.0,589.0,589.0,581.0
594,2021.12.06,8410.0,130.0,8040.0,8410.0,8040.0,201.0,594.0,594.0,590.0,590.0,590.0,582.0
595,2021.12.03,8280.0,590.0,6600.0,8280.0,6600.0,12362.0,595.0,595.0,591.0,591.0,591.0,583.0
596,2021.12.02,7690.0,890.0,7690.0,7690.0,7690.0,200.0,596.0,596.0,592.0,592.0,592.0,584.0
597,2021.12.01,8580.0,100.0,8230.0,8580.0,8230.0,226.0,597.0,597.0,593.0,593.0,593.0,585.0
598,2021.11.30,8480.0,50.0,7260.0,8480.0,7260.0,9.0,598.0,598.0,594.0,594.0,594.0,586.0
599,2021.11.29,8530.0,210.0,8070.0,8530.0,7100.0,701.0,599.0,599.0,595.0,595.0,595.0,587.0
600,2021.11.26,8320.0,250.0,8320.0,8320.0,8320.0,200.0,600.0,600.0,596.0,596.0,596.0,588.0
601,2021.11.25,8570.0,480.0,7200.0,8570.0,7200.0,201.0,601.0,601.0,597.0,597.0,597.0,589.0
602,2021.11.24,8090.0,110.0,7740.0,8100.0,6900.0,802.0,602.0,602.0,598.0,598.0,598.0,590.0
603,2021.11.23,7980.0,580.0,7980.0,7980.0,7980.0,2.0,603.0,603.0,599.0,599.0,599.0,591.0
604,2021.11.22,7400.0,710.0,7400.0,7400.0,7400.0,101.0,604.0,604.0,600.0,600.0,600.0,592.0
605,2021.11.19,8110.0,210.0,7670.0,8110.0,7100.0,751.0,605.0,605.0,601.0,601.0,601.0,593.0
606,2021.11.18,7900.0,580.0,7900.0,7900.0,7900.0,2.0,606.0,606.0,602.0,602.0,602.0,594.0
607,2021.11.17,7320.0,1290.0,7340.0,9410.0,7320.0,377.0,607.0,607.0,603.0,603.0,603.0,595.0
608,2021.11.16,8610.0,910.0,7490.0,8610.0,7100.0,724.0,608.0,608.0,604.0,604.0,604.0,596.0
609,2021.11.15,7700.0,210.0,7300.0,7700.0,7300.0,25.0,609.0,609.0,605.0,605.0,605.0,597.0
610,2021.11.12,7910.0,240.0,7910.0,7910.0,7910.0,200.0,610.0,610.0,606.0,606.0,606.0,598.0
611,2021.11.11,8150.0,200.0,7720.0,8150.0,7720.0,201.0,611.0,611.0,607.0,607.0,607.0,599.0
612,2021.11.10,7950.0,400.0,7300.0,7950.0,7300.0,61.0,612.0,612.0,608.0,608.0,608.0,600.0
613,2021.11.09,7550.0,150.0,7600.0,8470.0,7550.0,11.0,613.0,613.0,609.0,609.0,609.0,601.0
614,2021.11.08,7700.0,720.0,8380.0,8380.0,7700.0,102.0,614.0,614.0,610.0,610.0,610.0,602.0
615,2021.11.05,8420.0,180.0,8000.0,8420.0,8000.0,201.0,615.0,615.0,611.0,611.0,611.0,603.0
616,2021.11.04,8240.0,260.0,6810.0,8240.0,6810.0,3.0,616.0,616.0,612.0,612.0,612.0,604.0
617,2021.11.03,7980.0,30.0,7720.0,7980.0,7100.0,431.0,617.0,617.0,613.0,613.0,613.0,605.0
618,2021.11.02,7950.0,240.0,7950.0,7950.0,7950.0,200.0,618.0,618.0,614.0,614.0,614.0,606.0
619,2021.11.01,8190.0,140.0,7510.0,8190.0,7510.0,931.0,619.0,619.0,615.0,615.0,615.0,607.0
620,2021.10.29,8050.0,1400.0,9180.0,9180.0,8050.0,550.0,620.0,620.0,616.0,616.0,616.0,608.0
621,2021.10.28,9450.0,170.0,9010.0,9450.0,9010.0,201.0,621.0,621.0,617.0,617.0,617.0,609.0
622,2021.10.27,9280.0,380.0,9280.0,9280.0,9280.0,1.0,622.0,622.0,618.0,618.0,618.0,610.0
623,2021.10.26,8900.0,390.0,8900.0,8900.0,8900.0,200.0,623.0,623.0,619.0,619.0,619.0,611.0
624,2021.10.25,9290.0,520.0,9290.0,9290.0,9290.0,1.0,624.0,624.0,620.0,620.0,620.0,612.0
625,2021.10.22,8770.0,130.0,8900.0,8900.0,8770.0,19800.0,625.0,625.0,621.0,621.0,621.0,613.0
626,2021.10.21,8900.0,730.0,8150.0,8900.0,8150.0,301.0,626.0,626.0,622.0,622.0,622.0,614.0
627,2021.10.20,8170.0,1420.0,8170.0,8770.0,8170.0,310.0,627.0,627.0,623.0,623.0,623.0,615.0
628,2021.10.19,9590.0,850.0,9590.0,9590.0,9590.0,1.0,628.0,628.0,624.0,624.0,624.0,616.0
629,2021.10.18,8740.0,240.0,8250.0,8740.0,8250.0,350.0,629.0,629.0,625.0,625.0,625.0,617.0
630,2021.10.15,8500.0,1000.0,8500.0,8500.0,8200.0,852.0,630.0,630.0,626.0,626.0,626.0,618.0
631,2021.10.14,9500.0,190.0,9000.0,9500.0,9000.0,261.0,631.0,631.0,627.0,627.0,627.0,619.0
632,2021.10.13,9310.0,280.0,9310.0,9310.0,9310.0,200.0,632.0,632.0,628.0,628.0,628.0,620.0
633,2021.10.12,9590.0,300.0,8500.0,9590.0,8500.0,616.0,633.0,633.0,629.0,629.0,629.0,621.0
634,2021.10.08,9290.0,280.0,9290.0,9290.0,9290.0,200.0,634.0,634.0,630.0,630.0,630.0,622.0
635,2021.10.07,9570.0,290.0,9570.0,9570.0,9570.0,200.0,635.0,635.0,631.0,631.0,631.0,623.0
636,2021.10.06,9860.0,930.0,9490.0,9860.0,9490.0,2.0,636.0,636.0,632.0,632.0,632.0,624.0
637,2021.10.05,8930.0,520.0,8800.0,8930.0,8500.0,571.0,637.0,637.0,633.0,633.0,633.0,625.0
638,2021.10.01,9450.0,860.0,8550.0,9450.0,8550.0,120.0,638.0,638.0,634.0,634.0,634.0,626.0
639,2021.09.30,8590.0,0.0,8590.0,8590.0,8590.0,20.0,639.0,639.0,635.0,635.0,635.0,627.0
640,2021.09.29,8590.0,0.0,8590.0,8590.0,8590.0,0.0,640.0,640.0,636.0,636.0,636.0,628.0
641,2021.09.28,8590.0,10.0,8590.0,8590.0,8590.0,86.0,641.0,641.0,637.0,637.0,637.0,629.0
642,2021.09.27,8600.0,400.0,8600.0,8600.0,8600.0,260.0,642.0,642.0,638.0,638.0,638.0,630.0
643,2021.09.24,9000.0,630.0,8500.0,9000.0,8500.0,3201.0,643.0,643.0,639.0,639.0,639.0,631.0
644,2021.09.23,9630.0,40.0,8500.0,9630.0,8500.0,915.0,644.0,644.0,640.0,640.0,640.0,632.0
645,2021.09.17,9670.0,20.0,9670.0,9670.0,9670.0,0.0,645.0,645.0,641.0,641.0,641.0,633.0
646,2021.09.16,9690.0,0.0,9410.0,9690.0,9410.0,201.0,646.0,646.0,642.0,642.0,642.0,634.0
647,2021.09.15,9690.0,10.0,9420.0,9690.0,9420.0,191.0,647.0,647.0,643.0,643.0,643.0,635.0
648,2021.09.14,9700.0,0.0,9700.0,9700.0,9700.0,0.0,648.0,648.0,644.0,644.0,644.0,636.0
649,2021.09.13,9700.0,0.0,9700.0,9700.0,9700.0,156.0,649.0,649.0,645.0,645.0,645.0,637.0
650,2021.09.10,9700.0,0.0,9700.0,9700.0,9700.0,40.0,650.0,650.0,646.0,646.0,646.0,638.0
651,2021.09.09,9700.0,0.0,9700.0,9700.0,9700.0,0.0,651.0,651.0,647.0,647.0,647.0,639.0
652,2021.09.08,9700.0,300.0,9700.0,9700.0,9700.0,200.0,652.0,652.0,648.0,648.0,648.0,640.0
653,2021.09.07,10000.0,700.0,10000.0,10000.0,10000.0,100.0,653.0,653.0,649.0,649.0,649.0,641.0
654,2021.09.06,10700.0,700.0,9000.0,10700.0,9000.0,2.0,654.0,654.0,650.0,650.0,650.0,642.0
655,2021.09.03,10000.0,700.0,10000.0,10000.0,10000.0,100.0,655.0,655.0,651.0,651.0,651.0,643.0
656,2021.09.02,10700.0,0.0,10700.0,10700.0,10700.0,0.0,656.0,656.0,652.0,652.0,652.0,644.0
657,2021.09.01,10700.0,300.0,10700.0,10700.0,10700.0,99.0,657.0,657.0,653.0,653.0,653.0,645.0
658,2021.08.31,11000.0,1230.0,10400.0,11000.0,10400.0,2.0,658.0,658.0,654.0,654.0,654.0,646.0
659,2021.08.30,9770.0,270.0,9220.0,9770.0,9220.0,270.0,659.0,659.0,655.0,655.0,655.0,647.0
660,2021.08.27,9500.0,450.0,9500.0,9500.0,9500.0,80.0,660.0,660.0,656.0,656.0,656.0,648.0
661,2021.08.26,9950.0,1070.0,8500.0,9950.0,7710.0,480.0,661.0,661.0,657.0,657.0,657.0,649.0
662,2021.08.25,8880.0,1090.0,9670.0,9670.0,8880.0,350.0,662.0,662.0,658.0,658.0,658.0,650.0
663,2021.08.24,9970.0,70.0,9000.0,9970.0,9000.0,422.0,663.0,663.0,659.0,659.0,659.0,651.0
664,2021.08.23,9900.0,100.0,9700.0,9900.0,9700.0,201.0,664.0,664.0,660.0,660.0,660.0,652.0
665,2021.08.20,10000.0,1750.0,10000.0,10000.0,10000.0,100.0,665.0,665.0,661.0,661.0,661.0,653.0
666,2021.08.19,11750.0,350.0,9700.0,11750.0,9700.0,129.0,666.0,666.0,662.0,662.0,662.0,654.0
667,2021.08.18,11400.0,250.0,9500.0,11400.0,9500.0,312.0,667.0,667.0,663.0,663.0,663.0,655.0
668,2021.08.17,11150.0,900.0,11750.0,11750.0,8930.0,907.0,668.0,668.0,664.0,664.0,664.0,656.0
669,2021.08.13,10250.0,250.0,9700.0,10250.0,9700.0,34.0,669.0,669.0,665.0,665.0,665.0,657.0
670,2021.08.12,10000.0,0.0,11350.0,11350.0,10000.0,2.0,670.0,670.0,666.0,666.0,666.0,658.0
671,2021.08.11,10000.0,250.0,9470.0,10000.0,9470.0,194.0,671.0,671.0,667.0,667.0,667.0,659.0
672,2021.08.10,9750.0,270.0,9200.0,9750.0,9200.0,301.0,672.0,672.0,668.0,668.0,668.0,660.0
673,2021.08.09,9480.0,640.0,8840.0,9480.0,8840.0,251.0,673.0,673.0,669.0,669.0,669.0,661.0
674,2021.08.06,8840.0,10.0,8840.0,8840.0,8840.0,0.0,674.0,674.0,670.0,670.0,670.0,662.0
675,2021.08.05,8850.0,10.0,8850.0,8850.0,8850.0,0.0,675.0,675.0,671.0,671.0,671.0,663.0
676,2021.08.04,8860.0,10.0,8860.0,8860.0,8860.0,0.0,676.0,676.0,672.0,672.0,672.0,664.0
677,2021.08.03,8870.0,10.0,8870.0,8870.0,8870.0,0.0,677.0,677.0,673.0,673.0,673.0,665.0
678,2021.08.02,8880.0,10.0,8880.0,8880.0,8880.0,0.0,678.0,678.0,674.0,674.0,674.0,666.0
679,2021.07.30,8890.0,10.0,8640.0,8890.0,8640.0,201.0,679.0,679.0,675.0,675.0,675.0,667.0
680,2021.07.29,8900.0,410.0,8490.0,8900.0,8490.0,3303.0,680.0,680.0,676.0,676.0,676.0,668.0
681,2021.07.28,8490.0,0.0,8240.0,8490.0,8240.0,201.0,681.0,681.0,677.0,677.0,677.0,669.0
682,2021.07.27,8490.0,490.0,8000.0,8490.0,8000.0,239.0,682.0,682.0,678.0,678.0,678.0,670.0
683,2021.07.26,8000.0,230.0,8000.0,8000.0,8000.0,1.0,683.0,683.0,679.0,679.0,679.0,671.0
684,2021.07.23,7770.0,620.0,7500.0,7770.0,7450.0,8050.0,684.0,684.0,680.0,680.0,680.0,672.0
685,2021.07.22,7150.0,1030.0,7140.0,8000.0,7140.0,1158.0,685.0,685.0,681.0,681.0,681.0,673.0
686,2021.07.21,8180.0,120.0,7500.0,8180.0,7500.0,101.0,686.0,686.0,682.0,682.0,682.0,674.0
687,2021.07.20,8060.0,170.0,7990.0,8060.0,7190.0,350.0,687.0,687.0,683.0,683.0,683.0,675.0
688,2021.07.19,8230.0,210.0,7790.0,8240.0,7790.0,303.0,688.0,688.0,684.0,684.0,684.0,676.0
689,2021.07.16,8020.0,680.0,7000.0,8020.0,6990.0,654.0,689.0,689.0,685.0,685.0,685.0,677.0
690,2021.07.15,7340.0,10.0,7140.0,7340.0,7000.0,351.0,690.0,690.0,686.0,686.0,686.0,678.0
691,2021.07.14,7350.0,60.0,7350.0,7350.0,7350.0,1.0,691.0,691.0,687.0,687.0,687.0,679.0
692,2021.07.13,7290.0,620.0,7000.0,7290.0,7000.0,251.0,692.0,692.0,688.0,688.0,688.0,680.0
693,2021.07.12,7910.0,560.0,7000.0,7910.0,7000.0,231.0,693.0,693.0,689.0,689.0,689.0,681.0
694,2021.07.09,7350.0,0.0,7140.0,7350.0,7140.0,351.0,694.0,694.0,690.0,690.0,690.0,682.0
695,2021.07.08,7350.0,350.0,7000.0,7350.0,7000.0,101.0,695.0,695.0,691.0,691.0,691.0,683.0
696,2021.07.07,7000.0,290.0,7000.0,7000.0,7000.0,350.0,696.0,696.0,692.0,692.0,692.0,684.0
697,2021.07.06,7290.0,20.0,7060.0,7290.0,7060.0,201.0,697.0,697.0,693.0,693.0,693.0,685.0
698,2021.07.05,7270.0,10.0,7270.0,7270.0,7270.0,0.0,698.0,698.0,694.0,694.0,694.0,686.0
699,2021.07.02,7280.0,220.0,7280.0,7280.0,7280.0,200.0,699.0,699.0,695.0,695.0,695.0,687.0
700,2021.07.01,7500.0,270.0,7500.0,7500.0,7500.0,200.0,700.0,700.0,696.0,696.0,696.0,688.0
701,2021.06.30,7770.0,520.0,7770.0,7770.0,7770.0,20.0,701.0,701.0,697.0,697.0,697.0,689.0
702,2021.06.29,7250.0,300.0,7010.0,7250.0,7000.0,831.0,702.0,702.0,698.0,698.0,698.0,690.0
703,2021.06.28,7550.0,200.0,7140.0,7550.0,7140.0,201.0,703.0,703.0,699.0,699.0,699.0,691.0
704,2021.06.25,7350.0,120.0,7000.0,7350.0,7000.0,24.0,704.0,704.0,700.0,700.0,700.0,692.0
705,2021.06.24,7230.0,210.0,7230.0,7230.0,7230.0,200.0,705.0,705.0,701.0,701.0,701.0,693.0
706,2021.06.23,7440.0,200.0,7030.0,7440.0,7030.0,218.0,706.0,706.0,702.0,702.0,702.0,694.0
707,2021.06.22,7240.0,10.0,7240.0,7240.0,7240.0,0.0,707.0,707.0,703.0,703.0,703.0,695.0
708,2021.06.21,7250.0,380.0,7250.0,7250.0,7250.0,2.0,708.0,708.0,704.0,704.0,704.0,696.0
709,2021.06.18,6870.0,260.0,7120.0,7120.0,6870.0,500.0,709.0,709.0,705.0,705.0,705.0,697.0
710,2021.06.17,7130.0,10.0,7130.0,7130.0,7130.0,0.0,710.0,710.0,706.0,706.0,706.0,698.0
711,2021.06.16,7140.0,210.0,7140.0,7140.0,7140.0,200.0,711.0,711.0,707.0,707.0,707.0,699.0
712,2021.06.15,7350.0,190.0,7350.0,7350.0,7350.0,2.0,712.0,712.0,708.0,708.0,708.0,700.0
713,2021.06.14,7160.0,190.0,7160.0,7160.0,7160.0,100.0,713.0,713.0,709.0,709.0,709.0,701.0
714,2021.06.11,6970.0,880.0,6980.0,6980.0,6970.0,521.0,714.0,714.0,710.0,710.0,710.0,702.0
715,2021.06.10,6090.0,1060.0,7750.0,7750.0,6090.0,101.0,715.0,715.0,711.0,711.0,711.0,703.0
716,2021.06.09,7150.0,0.0,7150.0,7150.0,7150.0,6.0,716.0,716.0,712.0,712.0,712.0,704.0
717,2021.06.08,7150.0,0.0,7150.0,7150.0,7150.0,0.0,717.0,717.0,713.0,713.0,713.0,705.0
718,2021.06.07,7150.0,10.0,7150.0,7150.0,7150.0,0.0,718.0,718.0,714.0,714.0,714.0,706.0
719,2021.06.04,7160.0,10.0,7160.0,7160.0,7160.0,0.0,719.0,719.0,715.0,715.0,715.0,707.0
720,2021.06.03,7170.0,10.0,7170.0,7170.0,7170.0,1.0,720.0,720.0,716.0,716.0,716.0,708.0
721,2021.06.02,7180.0,0.0,7180.0,7180.0,7180.0,2.0,721.0,721.0,717.0,717.0,717.0,709.0
722,2021.06.01,7180.0,10.0,7180.0,7180.0,7180.0,0.0,722.0,722.0,718.0,718.0,718.0,710.0
723,2021.05.31,7190.0,0.0,6980.0,7190.0,6980.0,201.0,723.0,723.0,719.0,719.0,719.0,711.0
724,2021.05.28,7190.0,0.0,7190.0,7190.0,7190.0,1.0,724.0,724.0,720.0,720.0,720.0,712.0
725,2021.05.27,7190.0,190.0,7190.0,7190.0,7190.0,1.0,725.0,725.0,721.0,721.0,721.0,713.0
726,2021.05.26,7000.0,0.0,7000.0,7000.0,7000.0,12.0,726.0,726.0,722.0,722.0,722.0,714.0
727,2021.05.25,7000.0,0.0,7000.0,7000.0,7000.0,10.0,727.0,727.0,723.0,723.0,723.0,715.0
728,2021.05.24,7000.0,90.0,7000.0,7000.0,7000.0,2.0,728.0,728.0,724.0,724.0,724.0,716.0
729,2021.05.21,7090.0,0.0,7090.0,7090.0,7090.0,0.0,729.0,729.0,725.0,725.0,725.0,717.0
730,2021.05.20,7090.0,810.0,7000.0,7090.0,7000.0,519.0,730.0,730.0,726.0,726.0,726.0,718.0
731,2021.05.18,7900.0,90.0,7580.0,7900.0,7580.0,205.0,731.0,731.0,727.0,727.0,727.0,719.0
732,2021.05.17,7810.0,160.0,7420.0,7810.0,7420.0,201.0,732.0,732.0,728.0,728.0,728.0,720.0
733,2021.05.14,7650.0,360.0,7650.0,7650.0,7650.0,1.0,733.0,733.0,729.0,729.0,729.0,721.0
734,2021.05.13,7290.0,140.0,6950.0,7290.0,6940.0,321.0,734.0,734.0,730.0,730.0,730.0,722.0
735,2021.05.12,7150.0,0.0,7150.0,7150.0,7150.0,400.0,735.0,735.0,731.0,731.0,731.0,723.0
736,2021.05.11,7150.0,800.0,7150.0,7150.0,7150.0,1099.0,736.0,736.0,732.0,732.0,732.0,724.0
737,2021.05.10,7950.0,810.0,7950.0,7950.0,7950.0,1.0,737.0,737.0,733.0,733.0,733.0,725.0
738,2021.05.07,7140.0,1260.0,7140.0,7140.0,7140.0,1850.0,738.0,738.0,734.0,734.0,734.0,726.0
739,2021.05.06,8400.0,550.0,8400.0,8400.0,8400.0,1.0,739.0,739.0,735.0,735.0,735.0,727.0
740,2021.05.04,7850.0,600.0,7850.0,7850.0,7850.0,1.0,740.0,740.0,736.0,736.0,736.0,728.0
741,2021.05.03,7250.0,0.0,7250.0,7250.0,7250.0,0.0,741.0,741.0,737.0,737.0,737.0,729.0
742,2021.04.30,7250.0,190.0,7250.0,7250.0,7250.0,1.0,742.0,742.0,738.0,738.0,738.0,730.0
743,2021.04.29,7060.0,210.0,7060.0,7060.0,7060.0,430.0,743.0,743.0,739.0,739.0,739.0,731.0
744,2021.04.28,7270.0,220.0,7270.0,7270.0,7270.0,200.0,744.0,744.0,740.0,740.0,740.0,732.0
745,2021.04.27,7490.0,400.0,7300.0,7490.0,7150.0,1125.0,745.0,745.0,741.0,741.0,741.0,733.0
746,2021.04.26,7890.0,90.0,7580.0,7890.0,7580.0,201.0,746.0,746.0,742.0,742.0,742.0,734.0
747,2021.04.23,7800.0,420.0,7800.0,7800.0,7800.0,1.0,747.0,747.0,743.0,743.0,743.0,735.0
748,2021.04.22,7380.0,220.0,7380.0,7380.0,7380.0,200.0,748.0,748.0,744.0,744.0,744.0,736.0
749,2021.04.21,7600.0,100.0,7280.0,7600.0,7280.0,201.0,749.0,749.0,745.0,745.0,745.0,737.0
750,2021.04.20,7500.0,300.0,7500.0,7500.0,7500.0,1.0,750.0,750.0,746.0,746.0,746.0,738.0
751,2021.04.19,7200.0,930.0,7200.0,7200.0,7200.0,100.0,751.0,751.0,747.0,747.0,747.0,739.0
752,2021.04.16,8130.0,180.0,7720.0,8130.0,7150.0,561.0,752.0,752.0,748.0,748.0,748.0,740.0
753,2021.04.15,7950.0,800.0,7150.0,7950.0,7150.0,65.0,753.0,753.0,749.0,749.0,749.0,741.0
754,2021.04.14,7150.0,560.0,7160.0,7160.0,7150.0,630.0,754.0,754.0,750.0,750.0,750.0,742.0
755,2021.04.13,7710.0,40.0,7530.0,7710.0,7530.0,201.0,755.0,755.0,751.0,751.0,751.0,743.0
756,2021.04.12,7750.0,50.0,7170.0,7750.0,7150.0,731.0,756.0,756.0,752.0,752.0,752.0,744.0
757,2021.04.09,7800.0,230.0,8010.0,8010.0,7800.0,300.0,757.0,757.0,753.0,753.0,753.0,745.0
758,2021.04.08,8030.0,240.0,8030.0,8030.0,8030.0,200.0,758.0,758.0,754.0,754.0,754.0,746.0
759,2021.04.07,8270.0,190.0,8270.0,8270.0,8270.0,1.0,759.0,759.0,755.0,755.0,755.0,747.0
760,2021.04.06,8080.0,380.0,6590.0,8080.0,6590.0,2.0,760.0,760.0,756.0,756.0,756.0,748.0
761,2021.04.05,7700.0,950.0,7750.0,7750.0,7700.0,4.0,761.0,761.0,757.0,757.0,757.0,749.0
762,2021.04.02,6750.0,1170.0,6750.0,6750.0,6750.0,140.0,762.0,762.0,758.0,758.0,758.0,750.0
763,2021.04.01,7920.0,10.0,7920.0,7920.0,7920.0,0.0,763.0,763.0,759.0,759.0,759.0,751.0
764,2021.03.31,7930.0,10.0,7930.0,7930.0,7930.0,0.0,764.0,764.0,760.0,760.0,760.0,752.0
765,2021.03.30,7940.0,10.0,7940.0,7940.0,7940.0,0.0,765.0,765.0,761.0,761.0,761.0,753.0
766,2021.03.29,7950.0,20.0,7950.0,7950.0,7950.0,0.0,766.0,766.0,762.0,762.0,762.0,754.0
767,2021.03.26,7970.0,20.0,7970.0,7970.0,7970.0,0.0,767.0,767.0,763.0,763.0,763.0,755.0
768,2021.03.25,7990.0,20.0,7990.0,7990.0,7990.0,0.0,768.0,768.0,764.0,764.0,764.0,756.0
769,2021.03.24,8010.0,30.0,8010.0,8010.0,8010.0,0.0,769.0,769.0,765.0,765.0,765.0,757.0
770,2021.03.23,8040.0,110.0,8040.0,8040.0,8040.0,0.0,770.0,770.0,766.0,766.0,766.0,758.0
771,2021.03.22,8150.0,80.0,7990.0,8150.0,7990.0,201.0,771.0,771.0,767.0,767.0,767.0,759.0
772,2021.03.19,8230.0,250.0,8230.0,8230.0,8230.0,200.0,772.0,772.0,768.0,768.0,768.0,760.0
773,2021.03.18,8480.0,660.0,8480.0,8480.0,8480.0,1.0,773.0,773.0,769.0,769.0,769.0,761.0
774,2021.03.17,7820.0,1010.0,7820.0,7820.0,7820.0,2.0,774.0,774.0,770.0,770.0,770.0,762.0
775,2021.03.16,6810.0,880.0,6810.0,6810.0,6810.0,2.0,775.0,775.0,771.0,771.0,771.0,763.0
776,2021.03.15,7690.0,0.0,7690.0,7690.0,7690.0,0.0,776.0,776.0,772.0,772.0,772.0,764.0
777,2021.03.12,7690.0,0.0,7690.0,7690.0,7690.0,0.0,777.0,777.0,773.0,773.0,773.0,765.0
778,2021.03.11,7690.0,10.0,7690.0,7690.0,7690.0,0.0,778.0,778.0,774.0,774.0,774.0,766.0
779,2021.03.10,7700.0,0.0,7700.0,7700.0,7700.0,0.0,779.0,779.0,775.0,775.0,775.0,767.0
780,2021.03.09,7700.0,0.0,7700.0,7700.0,7700.0,0.0,780.0,780.0,776.0,776.0,776.0,768.0
781,2021.03.08,7700.0,0.0,7700.0,7700.0,7700.0,0.0,781.0,781.0,777.0,777.0,777.0,769.0
782,2021.03.05,7700.0,0.0,7700.0,7700.0,7700.0,0.0,782.0,782.0,778.0,778.0,778.0,770.0
783,2021.03.04,7700.0,0.0,7700.0,7700.0,7700.0,1.0,783.0,783.0,779.0,779.0,779.0,771.0
784,2021.03.03,7700.0,0.0,7700.0,7700.0,7700.0,0.0,784.0,784.0,780.0,780.0,780.0,772.0
785,2021.03.02,7700.0,0.0,7700.0,7700.0,7700.0,0.0,785.0,785.0,781.0,781.0,781.0,773.0
786,2021.02.26,7700.0,0.0,7700.0,7700.0,7700.0,0.0,786.0,786.0,782.0,782.0,782.0,774.0
787,2021.02.25,7700.0,0.0,7700.0,7700.0,7700.0,0.0,787.0,787.0,783.0,783.0,783.0,775.0
788,2021.02.24,7700.0,100.0,7700.0,7700.0,7700.0,0.0,788.0,788.0,784.0,784.0,784.0,776.0
789,2021.02.23,7800.0,0.0,7800.0,7800.0,7800.0,1.0,789.0,789.0,785.0,785.0,785.0,777.0
790,2021.02.22,7800.0,0.0,7800.0,7800.0,7800.0,0.0,790.0,790.0,786.0,786.0,786.0,778.0
791,2021.02.19,7800.0,990.0,7800.0,7800.0,7800.0,1.0,791.0,791.0,787.0,787.0,787.0,779.0
792,2021.02.18,6810.0,1180.0,6810.0,6810.0,6810.0,23.0,792.0,792.0,788.0,788.0,788.0,780.0
793,2021.02.17,7990.0,0.0,7990.0,7990.0,7990.0,0.0,793.0,793.0,789.0,789.0,789.0,781.0
794,2021.02.16,7990.0,10.0,7990.0,7990.0,7990.0,0.0,794.0,794.0,790.0,790.0,790.0,782.0
795,2021.02.15,8000.0,0.0,8000.0,8000.0,8000.0,1.0,795.0,795.0,791.0,791.0,791.0,783.0
796,2021.02.10,8000.0,330.0,8000.0,8000.0,8000.0,1.0,796.0,796.0,792.0,792.0,792.0,784.0
797,2021.02.09,8330.0,160.0,7940.0,8330.0,7930.0,212.0,797.0,797.0,793.0,793.0,793.0,785.0
798,2021.02.08,8170.0,50.0,7980.0,8170.0,7980.0,201.0,798.0,798.0,794.0,794.0,794.0,786.0
799,2021.02.05,8220.0,0.0,8220.0,8220.0,8220.0,0.0,799.0,799.0,795.0,795.0,795.0,787.0
800,2021.02.04,8220.0,50.0,8030.0,8220.0,8030.0,202.0,800.0,800.0,796.0,796.0,796.0,788.0
801,2021.02.03,8270.0,10.0,8040.0,8270.0,8040.0,202.0,801.0,801.0,797.0,797.0,797.0,789.0
802,2021.02.02,8280.0,50.0,8080.0,8280.0,8080.0,201.0,802.0,802.0,798.0,798.0,798.0,790.0
803,2021.02.01,8330.0,250.0,8330.0,8330.0,8330.0,200.0,803.0,803.0,799.0,799.0,799.0,791.0
804,2021.01.29,8580.0,590.0,7100.0,8580.0,7100.0,689.0,804.0,804.0,800.0,800.0,800.0,792.0
805,2021.01.28,7990.0,10.0,8000.0,8000.0,7990.0,4.0,805.0,805.0,801.0,801.0,801.0,793.0
806,2021.01.27,8000.0,430.0,8000.0,8000.0,8000.0,308.0,806.0,806.0,802.0,802.0,802.0,794.0
807,2021.01.26,8430.0,10.0,8430.0,8430.0,8430.0,0.0,807.0,807.0,803.0,803.0,803.0,795.0
808,2021.01.25,8440.0,250.0,8440.0,8440.0,8440.0,200.0,808.0,808.0,804.0,804.0,804.0,796.0
809,2021.01.22,8690.0,1090.0,8000.0,8690.0,8000.0,2.0,809.0,809.0,805.0,805.0,805.0,797.0
810,2021.01.21,7600.0,1090.0,7540.0,8630.0,7540.0,431.0,810.0,810.0,806.0,806.0,806.0,798.0
811,2021.01.20,8690.0,1070.0,8300.0,9990.0,8300.0,2852.0,811.0,811.0,807.0,807.0,807.0,799.0
812,2021.01.19,9760.0,850.0,10150.0,10150.0,9000.0,6.0,812.0,812.0,808.0,808.0,808.0,800.0
813,2021.01.18,8910.0,1540.0,8910.0,9200.0,8900.0,2005.0,813.0,813.0,809.0,809.0,809.0,801.0
814,2021.01.15,10450.0,1000.0,10450.0,10450.0,10450.0,1.0,814.0,814.0,810.0,810.0,810.0,802.0
815,2021.01.14,9450.0,40.0,9490.0,9490.0,9450.0,8.0,815.0,815.0,811.0,811.0,811.0,803.0
816,2021.01.13,9490.0,110.0,9500.0,9500.0,9490.0,6.0,816.0,816.0,812.0,812.0,812.0,804.0
817,2021.01.12,9600.0,120.0,9600.0,9600.0,9600.0,1.0,817.0,817.0,813.0,813.0,813.0,805.0
818,2021.01.11,9480.0,10.0,9480.0,9480.0,9480.0,2.0,818.0,818.0,814.0,814.0,814.0,806.0
819,2021.01.08,9490.0,660.0,8660.0,9490.0,8660.0,104.0,819.0,819.0,815.0,815.0,815.0,807.0
820,2021.01.07,10150.0,650.0,10150.0,10150.0,10150.0,1.0,820.0,820.0,816.0,816.0,816.0,808.0
821,2021.01.06,9500.0,0.0,9500.0,9500.0,9500.0,1.0,821.0,821.0,817.0,817.0,817.0,809.0
822,2021.01.05,9500.0,40.0,9190.0,9500.0,9190.0,213.0,822.0,822.0,818.0,818.0,818.0,810.0
823,2021.01.04,9460.0,1640.0,9460.0,9460.0,9460.0,110.0,823.0,823.0,819.0,819.0,819.0,811.0
824,2020.12.30,11100.0,200.0,10600.0,11100.0,10600.0,101.0,824.0,824.0,820.0,820.0,820.0,812.0
825,2020.12.29,10900.0,100.0,10700.0,10900.0,10700.0,101.0,825.0,825.0,821.0,821.0,821.0,813.0
826,2020.12.28,11000.0,50.0,10750.0,11000.0,10750.0,100.0,826.0,826.0,822.0,822.0,822.0,814.0
827,2020.12.24,11050.0,300.0,10500.0,11050.0,10500.0,102.0,827.0,827.0,823.0,823.0,823.0,815.0
828,2020.12.23,10750.0,650.0,9500.0,10750.0,9500.0,2.0,828.0,828.0,824.0,824.0,824.0,816.0
829,2020.12.22,10100.0,200.0,10250.0,10250.0,9580.0,3.0,829.0,829.0,825.0,825.0,825.0,817.0
830,2020.12.21,10300.0,900.0,10300.0,10300.0,10300.0,2.0,830.0,830.0,826.0,826.0,826.0,818.0
831,2020.12.18,9400.0,1400.0,9500.0,10650.0,9400.0,3.0,831.0,831.0,827.0,827.0,827.0,819.0
832,2020.12.17,10800.0,100.0,10600.0,10800.0,10600.0,101.0,832.0,832.0,828.0,828.0,828.0,820.0
833,2020.12.16,10900.0,1410.0,9990.0,10900.0,9380.0,112.0,833.0,833.0,829.0,829.0,829.0,821.0
834,2020.12.15,9490.0,230.0,11050.0,11050.0,9490.0,12.0,834.0,834.0,830.0,830.0,830.0,822.0
835,2020.12.14,9720.0,40.0,11000.0,11000.0,9720.0,10.0,835.0,835.0,831.0,831.0,831.0,823.0
836,2020.12.11,9760.0,1240.0,9760.0,9760.0,9760.0,1.0,836.0,836.0,832.0,832.0,832.0,824.0
837,2020.12.10,8520.0,230.0,9000.0,9000.0,8520.0,3.0,837.0,837.0,833.0,833.0,833.0,825.0
838,2020.12.09,8750.0,240.0,8740.0,8750.0,8740.0,203.0,838.0,838.0,834.0,834.0,834.0,826.0
839,2020.12.08,8510.0,1470.0,10900.0,10900.0,8510.0,4.0,839.0,839.0,835.0,835.0,835.0,827.0
840,2020.12.07,9980.0,970.0,10950.0,12550.0,9350.0,478.0,840.0,840.0,836.0,836.0,836.0,828.0
841,2020.12.04,10950.0,1340.0,8180.0,11050.0,8180.0,136.0,841.0,841.0,837.0,837.0,837.0,829.0
842,2020.12.03,9610.0,290.0,9610.0,9610.0,9610.0,200.0,842.0,842.0,838.0,838.0,838.0,830.0
843,2020.12.02,9900.0,1290.0,9900.0,9900.0,9900.0,1.0,843.0,843.0,839.0,839.0,839.0,831.0
844,2020.12.01,8610.0,0.0,8610.0,8610.0,8610.0,0.0,844.0,844.0,840.0,840.0,840.0,832.0
845,2020.11.30,8610.0,0.0,8610.0,8610.0,8610.0,0.0,845.0,845.0,841.0,841.0,841.0,833.0
846,2020.11.27,8610.0,0.0,8610.0,8610.0,8610.0,0.0,846.0,846.0,842.0,842.0,842.0,834.0
847,2020.11.26,8610.0,0.0,8610.0,8610.0,8610.0,0.0,847.0,847.0,843.0,843.0,843.0,835.0
848,2020.11.25,8610.0,240.0,8610.0,8610.0,8610.0,102.0,848.0,848.0,844.0,844.0,844.0,836.0
849,2020.11.24,8370.0,240.0,8370.0,8370.0,8370.0,10.0,849.0,849.0,845.0,845.0,845.0,837.0
850,2020.11.23,8130.0,0.0,8130.0,8130.0,8130.0,0.0,850.0,850.0,846.0,846.0,846.0,838.0
851,2020.11.20,8130.0,0.0,8130.0,8130.0,8130.0,0.0,851.0,851.0,847.0,847.0,847.0,839.0
852,2020.11.19,8130.0,0.0,8130.0,8130.0,8130.0,0.0,852.0,852.0,848.0,848.0,848.0,840.0
853,2020.11.18,8130.0,0.0,8130.0,8130.0,8130.0,0.0,853.0,853.0,849.0,849.0,849.0,841.0
854,2020.11.17,8130.0,0.0,8130.0,8130.0,8130.0,0.0,854.0,854.0,850.0,850.0,850.0,842.0
855,2020.11.16,8130.0,0.0,8130.0,8130.0,8130.0,0.0,855.0,855.0,851.0,851.0,851.0,843.0
856,2020.11.13,8130.0,220.0,8130.0,8130.0,8130.0,1.0,856.0,856.0,852.0,852.0,852.0,844.0
857,2020.11.12,7910.0,0.0,6910.0,7910.0,6910.0,3.0,857.0,857.0,853.0,853.0,853.0,845.0
858,2020.11.11,7910.0,220.0,7910.0,7910.0,7910.0,10.0,858.0,858.0,854.0,854.0,854.0,846.0
859,2020.11.10,7690.0,0.0,7690.0,7690.0,7690.0,0.0,859.0,859.0,855.0,855.0,855.0,847.0
860,2020.11.09,7690.0,210.0,7690.0,7690.0,7690.0,50.0,860.0,860.0,856.0,856.0,856.0,848.0
861,2020.11.06,7480.0,210.0,7480.0,7480.0,7480.0,200.0,861.0,861.0,857.0,857.0,857.0,849.0
862,2020.11.05,7270.0,1240.0,8750.0,8750.0,7270.0,112.0,862.0,862.0,858.0,858.0,858.0,850.0
863,2020.11.04,8510.0,290.0,8510.0,8510.0,8510.0,1.0,863.0,863.0,859.0,859.0,859.0,851.0
864,2020.11.03,8800.0,0.0,8800.0,8800.0,8800.0,0.0,864.0,864.0,860.0,860.0,860.0,852.0
865,2020.11.02,8800.0,300.0,8800.0,8800.0,8800.0,0.0,865.0,865.0,861.0,861.0,861.0,853.0
866,2020.10.30,9100.0,0.0,9100.0,9100.0,9100.0,0.0,866.0,866.0,862.0,862.0,862.0,854.0
867,2020.10.29,9100.0,670.0,11200.0,11200.0,9100.0,2.0,867.0,867.0,863.0,863.0,863.0,855.0
868,2020.10.28,9770.0,270.0,9770.0,9770.0,9770.0,1.0,868.0,868.0,864.0,864.0,864.0,856.0
869,2020.10.27,9500.0,0.0,9500.0,9500.0,9500.0,0.0,869.0,869.0,865.0,865.0,865.0,857.0
870,2020.10.26,9500.0,1650.0,9500.0,9500.0,9500.0,710.0,870.0,870.0,866.0,866.0,866.0,858.0
871,2020.10.23,11150.0,1950.0,11200.0,11200.0,11150.0,110.0,871.0,871.0,867.0,867.0,867.0,859.0
872,2020.10.22,13100.0,2300.0,13100.0,13100.0,13100.0,0.0,872.0,872.0,868.0,868.0,868.0,860.0
873,2020.10.21,15400.0,0.0,15400.0,15400.0,15400.0,0.0,873.0,873.0,869.0,869.0,869.0,861.0
874,2020.10.20,15400.0,0.0,15400.0,15400.0,15400.0,0.0,874.0,874.0,870.0,870.0,870.0,862.0
875,2020.10.19,15400.0,0.0,15400.0,15400.0,15400.0,0.0,875.0,875.0,871.0,871.0,871.0,863.0
876,2020.10.16,15400.0,0.0,15400.0,15400.0,15400.0,0.0,876.0,876.0,872.0,872.0,872.0,864.0
877,2020.10.15,15400.0,0.0,15400.0,15400.0,15400.0,0.0,877.0,877.0,873.0,873.0,873.0,865.0
878,2020.10.14,15400.0,0.0,15400.0,15400.0,15400.0,0.0,878.0,878.0,874.0,874.0,874.0,866.0
879,2020.10.13,15400.0,100.0,15400.0,15400.0,15400.0,0.0,879.0,879.0,875.0,875.0,875.0,867.0
880,2020.10.12,15500.0,0.0,15500.0,15500.0,15500.0,0.0,880.0,880.0,876.0,876.0,876.0,868.0
881,2020.10.08,15500.0,0.0,15500.0,15500.0,15500.0,0.0,881.0,881.0,877.0,877.0,877.0,869.0
882,2020.10.07,15500.0,0.0,15500.0,15500.0,15500.0,0.0,882.0,882.0,878.0,878.0,878.0,870.0
883,2020.10.06,15500.0,0.0,15500.0,15500.0,15500.0,0.0,883.0,883.0,879.0,879.0,879.0,871.0
884,2020.10.05,15500.0,0.0,15500.0,15500.0,15500.0,0.0,884.0,884.0,880.0,880.0,880.0,872.0
885,2020.09.29,15500.0,0.0,15500.0,15500.0,15500.0,0.0,885.0,885.0,881.0,881.0,881.0,873.0
886,2020.09.28,15500.0,0.0,15500.0,15500.0,15500.0,0.0,886.0,886.0,882.0,882.0,882.0,874.0
887,2020.09.25,15500.0,0.0,15500.0,15500.0,15500.0,0.0,887.0,887.0,883.0,883.0,883.0,875.0
888,2020.09.24,15500.0,0.0,15500.0,15500.0,15500.0,0.0,888.0,888.0,884.0,884.0,884.0,876.0
889,2020.09.23,15500.0,0.0,15500.0,15500.0,15500.0,0.0,889.0,889.0,885.0,885.0,885.0,877.0
890,2020.09.22,15500.0,0.0,15500.0,15500.0,15500.0,0.0,890.0,890.0,886.0,886.0,886.0,878.0
891,2020.09.21,15500.0,0.0,15500.0,15500.0,15500.0,0.0,891.0,891.0,887.0,887.0,887.0,879.0
892,2020.09.18,15500.0,0.0,15500.0,15500.0,15500.0,0.0,892.0,892.0,888.0,888.0,888.0,880.0
893,2020.09.17,15500.0,200.0,15500.0,15500.0,15500.0,2.0,893.0,893.0,889.0,889.0,889.0,881.0
894,2020.09.16,15300.0,100.0,15300.0,15300.0,15300.0,0.0,894.0,894.0,890.0,890.0,890.0,882.0
895,2020.09.15,15400.0,0.0,15400.0,15400.0,15400.0,0.0,895.0,895.0,891.0,891.0,891.0,883.0
896,2020.09.14,15400.0,150.0,15400.0,15400.0,15250.0,450.0,896.0,896.0,892.0,892.0,892.0,884.0
897,2020.09.11,15250.0,0.0,15250.0,15250.0,15250.0,0.0,897.0,897.0,893.0,893.0,893.0,885.0
898,2020.09.10,15250.0,0.0,15250.0,15250.0,15250.0,0.0,898.0,898.0,894.0,894.0,894.0,886.0
899,2020.09.09,15250.0,0.0,15250.0,15250.0,15250.0,0.0,899.0,899.0,895.0,895.0,895.0,887.0
900,2020.09.08,15250.0,0.0,15250.0,15250.0,15250.0,0.0,900.0,900.0,896.0,896.0,896.0,888.0
901,2020.09.07,15250.0,0.0,15250.0,15250.0,15250.0,0.0,901.0,901.0,897.0,897.0,897.0,889.0
902,2020.09.04,15250.0,450.0,15250.0,15250.0,15250.0,2.0,902.0,902.0,898.0,898.0,898.0,890.0
903,2020.09.03,14800.0,0.0,14800.0,14800.0,14800.0,0.0,903.0,903.0,899.0,899.0,899.0,891.0
904,2020.09.02,14800.0,0.0,14800.0,14800.0,14800.0,31.0,904.0,904.0,900.0,900.0,900.0,892.0
905,2020.09.01,14800.0,0.0,14800.0,14800.0,14800.0,1.0,905.0,905.0,901.0,901.0,901.0,893.0
906,2020.08.31,14800.0,0.0,14800.0,14800.0,14800.0,0.0,906.0,906.0,902.0,902.0,902.0,894.0
907,2020.08.28,14800.0,0.0,14800.0,14800.0,14800.0,0.0,907.0,907.0,903.0,903.0,903.0,895.0
908,2020.08.27,14800.0,0.0,14800.0,14800.0,14800.0,0.0,908.0,908.0,904.0,904.0,904.0,896.0
909,2020.08.26,14800.0,0.0,14800.0,14800.0,14800.0,0.0,909.0,909.0,905.0,905.0,905.0,897.0
910,2020.08.25,14800.0,0.0,14800.0,14800.0,14800.0,0.0,910.0,910.0,906.0,906.0,906.0,898.0
911,2020.08.24,14800.0,0.0,14800.0,14800.0,14800.0,30.0,911.0,911.0,907.0,907.0,907.0,899.0
912,2020.08.21,14800.0,0.0,14800.0,14800.0,14800.0,0.0,912.0,912.0,908.0,908.0,908.0,900.0
913,2020.08.20,14800.0,0.0,14800.0,14800.0,14800.0,0.0,913.0,913.0,909.0,909.0,909.0,901.0
914,2020.08.19,14800.0,0.0,14800.0,14800.0,14800.0,0.0,914.0,914.0,910.0,910.0,910.0,902.0
915,2020.08.18,14800.0,0.0,14800.0,14800.0,14800.0,0.0,915.0,915.0,911.0,911.0,911.0,903.0
916,2020.08.14,14800.0,0.0,14800.0,14800.0,14800.0,0.0,916.0,916.0,912.0,912.0,912.0,904.0
917,2020.08.13,14800.0,0.0,14800.0,14800.0,14800.0,0.0,917.0,917.0,913.0,913.0,913.0,905.0
918,2020.08.12,14800.0,0.0,14800.0,14800.0,14800.0,0.0,918.0,918.0,914.0,914.0,914.0,906.0
919,2020.08.11,14800.0,0.0,14800.0,14800.0,14800.0,0.0,919.0,919.0,915.0,915.0,915.0,907.0
920,2020.08.10,14800.0,0.0,14800.0,14800.0,14800.0,0.0,920.0,920.0,916.0,916.0,916.0,908.0
921,2020.08.07,14800.0,0.0,14800.0,14800.0,14800.0,0.0,921.0,921.0,917.0,917.0,917.0,909.0
922,2020.08.06,14800.0,0.0,14800.0,14800.0,14800.0,0.0,922.0,922.0,918.0,918.0,918.0,910.0
923,2020.08.05,14800.0,350.0,14450.0,14800.0,14450.0,3.0,923.0,923.0,919.0,919.0,919.0,911.0
924,2020.08.04,14450.0,0.0,14450.0,14450.0,14450.0,1.0,924.0,924.0,920.0,920.0,920.0,912.0
925,2020.08.03,14450.0,0.0,14450.0,14450.0,14450.0,0.0,925.0,925.0,921.0,921.0,921.0,913.0
926,2020.07.31,14450.0,0.0,14450.0,14450.0,14450.0,0.0,926.0,926.0,922.0,922.0,922.0,914.0
927,2020.07.30,14450.0,0.0,14450.0,14450.0,14450.0,0.0,927.0,927.0,923.0,923.0,923.0,915.0
928,2020.07.29,14450.0,0.0,14450.0,14450.0,14450.0,0.0,928.0,928.0,924.0,924.0,924.0,916.0
929,2020.07.28,14450.0,450.0,14450.0,14450.0,14450.0,0.0,929.0,929.0,925.0,925.0,925.0,917.0
930,2020.07.27,14900.0,100.0,14900.0,14900.0,14900.0,0.0,930.0,930.0,926.0,926.0,926.0,918.0
931,2020.07.24,15000.0,0.0,15000.0,15000.0,15000.0,0.0,931.0,931.0,927.0,927.0,927.0,919.0
932,2020.07.23,15000.0,1000.0,15000.0,15000.0,15000.0,66.0,932.0,932.0,928.0,928.0,928.0,920.0
933,2020.07.22,16000.0,0.0,16000.0,16000.0,16000.0,1200.0,933.0,933.0,929.0,929.0,929.0,921.0
934,2020.07.21,16000.0,500.0,16000.0,16000.0,16000.0,1.0,934.0,934.0,930.0,930.0,930.0,922.0
935,2020.07.20,15500.0,0.0,15500.0,15500.0,15500.0,0.0,935.0,935.0,931.0,931.0,931.0,923.0
936,2020.07.17,15500.0,200.0,15500.0,15500.0,15500.0,1500.0,936.0,936.0,932.0,932.0,932.0,924.0
937,2020.07.16,15700.0,450.0,15700.0,15700.0,15700.0,1.0,937.0,937.0,933.0,933.0,933.0,925.0
938,2020.07.15,15250.0,450.0,15250.0,15250.0,15250.0,1.0,938.0,938.0,934.0,934.0,934.0,926.0
939,2020.07.14,14800.0,0.0,14800.0,14800.0,14800.0,0.0,939.0,939.0,935.0,935.0,935.0,927.0
940,2020.07.13,14800.0,400.0,14800.0,14800.0,14800.0,1.0,940.0,940.0,936.0,936.0,936.0,928.0
941,2020.07.10,14400.0,0.0,14400.0,14400.0,14400.0,0.0,941.0,941.0,937.0,937.0,937.0,929.0
942,2020.07.09,14400.0,0.0,14400.0,14400.0,14400.0,0.0,942.0,942.0,938.0,938.0,938.0,930.0
943,2020.07.08,14400.0,450.0,14400.0,14400.0,14400.0,1.0,943.0,943.0,939.0,939.0,939.0,931.0
944,2020.07.07,13950.0,400.0,13950.0,13950.0,13950.0,1.0,944.0,944.0,940.0,940.0,940.0,932.0
945,2020.07.06,13550.0,2350.0,13550.0,13550.0,13550.0,5.0,945.0,945.0,941.0,941.0,941.0,933.0
946,2020.07.03,15900.0,0.0,15900.0,15900.0,15900.0,0.0,946.0,946.0,942.0,942.0,942.0,934.0
947,2020.07.02,15900.0,0.0,15900.0,15900.0,15900.0,0.0,947.0,947.0,943.0,943.0,943.0,935.0
948,2020.07.01,15900.0,0.0,15900.0,15900.0,15900.0,0.0,948.0,948.0,944.0,944.0,944.0,936.0
949,2020.06.30,15900.0,0.0,15900.0,15900.0,15900.0,0.0,949.0,949.0,945.0,945.0,945.0,937.0
950,2020.06.29,15900.0,0.0,15900.0,15900.0,15900.0,0.0,950.0,950.0,946.0,946.0,946.0,938.0
951,2020.06.26,15900.0,0.0,15900.0,15900.0,15900.0,0.0,951.0,951.0,947.0,947.0,947.0,939.0
952,2020.06.25,15900.0,0.0,15900.0,15900.0,15900.0,0.0,952.0,952.0,948.0,948.0,948.0,940.0
953,2020.06.24,15900.0,0.0,15900.0,15900.0,15900.0,0.0,953.0,953.0,949.0,949.0,949.0,941.0
954,2020.06.23,15900.0,0.0,15900.0,15900.0,15900.0,0.0,954.0,954.0,950.0,950.0,950.0,942.0
955,2020.06.22,15900.0,0.0,15900.0,15900.0,15900.0,0.0,955.0,955.0,951.0,951.0,951.0,943.0
956,2020.06.19,15900.0,0.0,15900.0,15900.0,15900.0,0.0,956.0,956.0,952.0,952.0,952.0,944.0
957,2020.06.18,15900.0,0.0,15900.0,15900.0,15900.0,0.0,957.0,957.0,953.0,953.0,953.0,945.0
958,2020.06.17,15900.0,0.0,15900.0,15900.0,15900.0,0.0,958.0,958.0,954.0,954.0,954.0,946.0
959,2020.06.16,15900.0,0.0,15900.0,15900.0,15900.0,0.0,959.0,959.0,955.0,955.0,955.0,947.0
960,2020.06.15,15900.0,0.0,15900.0,15900.0,15900.0,0.0,960.0,960.0,956.0,956.0,956.0,948.0
961,2020.06.12,15900.0,500.0,15900.0,15900.0,15900.0,1.0,961.0,961.0,957.0,957.0,957.0,949.0
962,2020.06.11,15400.0,0.0,15400.0,15400.0,15400.0,0.0,962.0,962.0,958.0,958.0,958.0,950.0
963,2020.06.10,15400.0,0.0,15400.0,15400.0,15400.0,0.0,963.0,963.0,959.0,959.0,959.0,951.0
964,2020.06.09,15400.0,0.0,15400.0,15400.0,15400.0,0.0,964.0,964.0,960.0,960.0,960.0,952.0
965,2020.06.08,15400.0,450.0,15400.0,15400.0,15400.0,100.0,965.0,965.0,961.0,961.0,961.0,953.0
966,2020.06.05,15850.0,0.0,15850.0,15850.0,15850.0,0.0,966.0,966.0,962.0,962.0,962.0,954.0
967,2020.06.04,15850.0,0.0,15850.0,15850.0,15850.0,0.0,967.0,967.0,963.0,963.0,963.0,955.0
968,2020.06.03,15850.0,0.0,15850.0,15850.0,15850.0,0.0,968.0,968.0,964.0,964.0,964.0,956.0
969,2020.06.02,15850.0,0.0,15850.0,15850.0,15850.0,0.0,969.0,969.0,965.0,965.0,965.0,957.0
970,2020.06.01,15850.0,0.0,15850.0,15850.0,15850.0,0.0,970.0,970.0,966.0,966.0,966.0,958.0
971,2020.05.29,15850.0,0.0,15850.0,15850.0,15850.0,0.0,971.0,971.0,967.0,967.0,967.0,959.0
972,2020.05.28,15850.0,0.0,15850.0,15850.0,15850.0,0.0,972.0,972.0,968.0,968.0,968.0,960.0
973,2020.05.27,15850.0,0.0,15850.0,15850.0,15850.0,0.0,973.0,973.0,969.0,969.0,969.0,961.0
974,2020.05.26,15850.0,0.0,15850.0,15850.0,15850.0,0.0,974.0,974.0,970.0,970.0,970.0,962.0
975,2020.05.25,15850.0,0.0,15850.0,15850.0,15850.0,0.0,975.0,975.0,971.0,971.0,971.0,963.0
976,2020.05.22,15850.0,0.0,15850.0,15850.0,15850.0,0.0,976.0,976.0,972.0,972.0,972.0,964.0
977,2020.05.21,15850.0,0.0,15850.0,15850.0,15850.0,0.0,977.0,977.0,973.0,973.0,973.0,965.0
978,2020.05.20,15850.0,0.0,15850.0,15850.0,15850.0,0.0,978.0,978.0,974.0,974.0,974.0,966.0
979,2020.05.19,15850.0,0.0,15850.0,15850.0,15850.0,0.0,979.0,979.0,975.0,975.0,975.0,967.0
980,2020.05.18,15850.0,0.0,15850.0,15850.0,15850.0,0.0,980.0,980.0,976.0,976.0,976.0,968.0
981,2020.05.15,15850.0,0.0,15850.0,15850.0,15850.0,0.0,981.0,981.0,977.0,977.0,977.0,969.0
982,2020.05.14,15850.0,450.0,13900.0,15850.0,13900.0,2.0,982.0,982.0,978.0,978.0,978.0,970.0
983,2020.05.13,16300.0,400.0,13550.0,16300.0,13550.0,2.0,983.0,983.0,979.0,979.0,979.0,971.0
984,2020.05.12,15900.0,0.0,15900.0,15900.0,15900.0,0.0,984.0,984.0,980.0,980.0,980.0,972.0
985,2020.05.11,15900.0,500.0,15000.0,15900.0,15000.0,101.0,985.0,985.0,981.0,981.0,981.0,973.0
986,2020.05.08,15400.0,1500.0,15400.0,15400.0,15400.0,101.0,986.0,986.0,982.0,982.0,982.0,974.0
987,2020.05.07,13900.0,2450.0,15900.0,16850.0,13900.0,103.0,987.0,987.0,983.0,983.0,983.0,975.0
988,2020.05.06,16350.0,0.0,18800.0,18800.0,13900.0,3.0,988.0,988.0,984.0,984.0,984.0,976.0
989,2020.05.04,16350.0,450.0,16350.0,16350.0,16350.0,100.0,989.0,989.0,985.0,985.0,985.0,977.0
990,2020.04.29,16800.0,500.0,15850.0,16800.0,15850.0,101.0,990.0,990.0,986.0,986.0,986.0,978.0
991,2020.04.28,16300.0,500.0,15400.0,16300.0,15400.0,101.0,991.0,991.0,987.0,987.0,987.0,979.0
992,2020.04.27,15800.0,450.0,14950.0,15800.0,14950.0,101.0,992.0,992.0,988.0,988.0,988.0,980.0
993,2020.04.24,15350.0,400.0,15350.0,15350.0,15350.0,100.0,993.0,993.0,989.0,989.0,989.0,981.0
994,2020.04.23,15750.0,450.0,15750.0,15750.0,15750.0,100.0,994.0,994.0,990.0,990.0,990.0,982.0
995,2020.04.22,16200.0,500.0,15300.0,16200.0,15300.0,101.0,995.0,995.0,991.0,991.0,991.0,983.0
996,2020.04.21,15700.0,450.0,15700.0,15700.0,15700.0,100.0,996.0,996.0,992.0,992.0,992.0,984.0
997,2020.04.20,16150.0,450.0,16150.0,16150.0,16150.0,100.0,997.0,997.0,993.0,993.0,993.0,985.0
998,2020.04.17,16600.0,450.0,15700.0,16600.0,15700.0,101.0,998.0,998.0,994.0,994.0,994.0,986.0
999,2020.04.16,16150.0,500.0,15250.0,16150.0,15250.0,101.0,999.0,999.0,995.0,995.0,995.0,987.0
1000,2020.04.14,15650.0,450.0,15650.0,15650.0,15650.0,100.0,1000.0,1000.0,996.0,996.0,996.0,988.0
1001,2020.04.13,16100.0,450.0,16100.0,16100.0,16100.0,100.0,1001.0,1001.0,997.0,997.0,997.0,989.0
1002,2020.04.10,16550.0,450.0,15650.0,16550.0,15650.0,101.0,1002.0,1002.0,998.0,998.0,998.0,990.0
1003,2020.04.09,16100.0,450.0,16100.0,16100.0,16100.0,100.0,1003.0,1003.0,999.0,999.0,999.0,991.0
1004,2020.04.08,16550.0,450.0,15650.0,16550.0,13700.0,102.0,1004.0,1004.0,1000.0,1000.0,1000.0,992.0
1005,2020.04.07,16100.0,500.0,15200.0,16100.0,15200.0,101.0,1005.0,1005.0,1001.0,1001.0,1001.0,993.0
1006,2020.04.06,15600.0,450.0,14750.0,15600.0,14750.0,101.0,1006.0,1006.0,1002.0,1002.0,1002.0,994.0
1007,2020.04.03,15150.0,450.0,14300.0,15150.0,14300.0,101.0,1007.0,1007.0,1003.0,1003.0,1003.0,995.0
1008,2020.04.02,14700.0,400.0,13900.0,14700.0,13900.0,101.0,1008.0,1008.0,1004.0,1004.0,1004.0,996.0
1009,2020.04.01,14300.0,450.0,13500.0,14300.0,13500.0,101.0,1009.0,1009.0,1005.0,1005.0,1005.0,997.0
1010,2020.03.31,13850.0,400.0,13100.0,13850.0,13100.0,101.0,1010.0,1010.0,1006.0,1006.0,1006.0,998.0
1011,2020.03.30,13450.0,400.0,12700.0,13450.0,12700.0,101.0,1011.0,1011.0,1007.0,1007.0,1007.0,999.0
1012,2020.03.27,13050.0,350.0,12350.0,13050.0,12350.0,101.0,1012.0,1012.0,1008.0,1008.0,1008.0,1000.0
1013,2020.03.26,12700.0,400.0,11450.0,12700.0,11450.0,201.0,1013.0,1013.0,1009.0,1009.0,1009.0,1001.0
1014,2020.03.25,12300.0,350.0,11450.0,12300.0,11450.0,300.0,1014.0,1014.0,1010.0,1010.0,1010.0,1002.0
1015,2020.03.24,11950.0,750.0,11950.0,11950.0,11950.0,100.0,1015.0,1015.0,1011.0,1011.0,1011.0,1003.0
1016,2020.03.23,12700.0,400.0,12000.0,12700.0,12000.0,101.0,1016.0,1016.0,1012.0,1012.0,1012.0,1004.0
1017,2020.03.20,12300.0,350.0,11650.0,12300.0,11650.0,101.0,1017.0,1017.0,1013.0,1013.0,1013.0,1005.0
1018,2020.03.19,11950.0,1000.0,11950.0,11950.0,11950.0,100.0,1018.0,1018.0,1014.0,1014.0,1014.0,1006.0
1019,2020.03.18,12950.0,1000.0,12950.0,12950.0,12950.0,100.0,1019.0,1019.0,1015.0,1015.0,1015.0,1007.0
1020,2020.03.17,13950.0,1450.0,13950.0,13950.0,13950.0,100.0,1020.0,1020.0,1016.0,1016.0,1016.0,1008.0
1021,2020.03.16,15400.0,450.0,14550.0,15400.0,14550.0,101.0,1021.0,1021.0,1017.0,1017.0,1017.0,1009.0
1022,2020.03.13,14950.0,1950.0,14950.0,14950.0,14950.0,100.0,1022.0,1022.0,1018.0,1018.0,1018.0,1010.0
1023,2020.03.12,16900.0,500.0,15950.0,16900.0,15950.0,101.0,1023.0,1023.0,1019.0,1019.0,1019.0,1011.0
1024,2020.03.11,16400.0,450.0,15500.0,16400.0,15500.0,101.0,1024.0,1024.0,1020.0,1020.0,1020.0,1012.0
1025,2020.03.10,15950.0,550.0,15950.0,15950.0,15950.0,100.0,1025.0,1025.0,1021.0,1021.0,1021.0,1013.0
1026,2020.03.09,16500.0,450.0,16500.0,16500.0,16500.0,100.0,1026.0,1026.0,1022.0,1022.0,1022.0,1014.0
1027,2020.03.06,16950.0,550.0,16950.0,16950.0,16950.0,100.0,1027.0,1027.0,1023.0,1023.0,1023.0,1015.0
1028,2020.03.05,17500.0,500.0,17500.0,17500.0,17500.0,100.0,1028.0,1028.0,1024.0,1024.0,1024.0,1016.0
1029,2020.03.04,18000.0,650.0,18000.0,18000.0,18000.0,100.0,1029.0,1029.0,1025.0,1025.0,1025.0,1017.0
1030,2020.03.03,18650.0,550.0,17600.0,18650.0,17600.0,101.0,1030.0,1030.0,1026.0,1026.0,1026.0,1018.0
1031,2020.03.02,18100.0,500.0,17100.0,18100.0,17100.0,101.0,1031.0,1031.0,1027.0,1027.0,1027.0,1019.0
1032,2020.02.28,17600.0,500.0,17600.0,17600.0,17600.0,100.0,1032.0,1032.0,1028.0,1028.0,1028.0,1020.0
1033,2020.02.27,18100.0,500.0,17100.0,18100.0,17100.0,101.0,1033.0,1033.0,1029.0,1029.0,1029.0,1021.0
1034,2020.02.26,17600.0,500.0,17600.0,17600.0,17600.0,100.0,1034.0,1034.0,1030.0,1030.0,1030.0,1022.0
1035,2020.02.25,18100.0,500.0,18100.0,18100.0,18100.0,100.0,1035.0,1035.0,1031.0,1031.0,1031.0,1023.0
1036,2020.02.24,18600.0,550.0,17550.0,18600.0,17550.0,101.0,1036.0,1036.0,1032.0,1032.0,1032.0,1024.0
1037,2020.02.21,18050.0,500.0,17050.0,18050.0,17050.0,101.0,1037.0,1037.0,1033.0,1033.0,1033.0,1025.0
1038,2020.02.20,17550.0,500.0,17550.0,17550.0,17550.0,100.0,1038.0,1038.0,1034.0,1034.0,1034.0,1026.0
1039,2020.02.19,18050.0,500.0,18050.0,18050.0,18050.0,100.0,1039.0,1039.0,1035.0,1035.0,1035.0,1027.0
1040,2020.02.18,18550.0,0.0,18550.0,18550.0,18550.0,0.0,1040.0,1040.0,1036.0,1036.0,1036.0,1028.0
1041,2020.02.17,18550.0,550.0,17500.0,18550.0,17500.0,101.0,1041.0,1041.0,1037.0,1037.0,1037.0,1029.0
1042,2020.02.14,18000.0,500.0,18000.0,18000.0,18000.0,100.0,1042.0,1042.0,1038.0,1038.0,1038.0,1030.0
1043,2020.02.13,18500.0,500.0,18500.0,18500.0,18500.0,100.0,1043.0,1043.0,1039.0,1039.0,1039.0,1031.0
1044,2020.02.12,19000.0,550.0,17950.0,19000.0,17950.0,101.0,1044.0,1044.0,1040.0,1040.0,1040.0,1032.0
1045,2020.02.11,18450.0,500.0,17450.0,18450.0,17450.0,101.0,1045.0,1045.0,1041.0,1041.0,1041.0,1033.0
1046,2020.02.10,17950.0,500.0,17950.0,17950.0,17950.0,100.0,1046.0,1046.0,1042.0,1042.0,1042.0,1034.0
1047,2020.02.07,18450.0,500.0,17450.0,18450.0,17450.0,101.0,1047.0,1047.0,1043.0,1043.0,1043.0,1035.0
1048,2020.02.06,17950.0,550.0,16950.0,17950.0,16950.0,102.0,1048.0,1048.0,1044.0,1044.0,1044.0,1036.0
1049,2020.02.05,17400.0,500.0,16450.0,17400.0,16450.0,101.0,1049.0,1049.0,1045.0,1045.0,1045.0,1037.0
1050,2020.02.04,16900.0,450.0,16900.0,16900.0,16900.0,100.0,1050.0,1050.0,1046.0,1046.0,1046.0,1038.0
1051,2020.02.03,17350.0,500.0,16400.0,17350.0,16400.0,101.0,1051.0,1051.0,1047.0,1047.0,1047.0,1039.0
1052,2020.01.31,16850.0,500.0,15900.0,16850.0,15900.0,102.0,1052.0,1052.0,1048.0,1048.0,1048.0,1040.0
1053,2020.01.30,16350.0,450.0,15450.0,16350.0,15450.0,102.0,1053.0,1053.0,1049.0,1049.0,1049.0,1041.0
1054,2020.01.29,15900.0,500.0,15000.0,15900.0,15000.0,102.0,1054.0,1054.0,1050.0,1050.0,1050.0,1042.0
1055,2020.01.28,15400.0,400.0,15400.0,15400.0,15400.0,100.0,1055.0,1055.0,1051.0,1051.0,1051.0,1043.0
1056,2020.01.23,15800.0,450.0,14950.0,15800.0,14950.0,102.0,1056.0,1056.0,1052.0,1052.0,1052.0,1044.0
1057,2020.01.22,15350.0,400.0,15350.0,15350.0,15350.0,100.0,1057.0,1057.0,1053.0,1053.0,1053.0,1045.0
1058,2020.01.21,15750.0,450.0,15750.0,15750.0,15750.0,100.0,1058.0,1058.0,1054.0,1054.0,1054.0,1046.0
1059,2020.01.20,16200.0,500.0,15300.0,16200.0,15300.0,102.0,1059.0,1059.0,1055.0,1055.0,1055.0,1047.0
1060,2020.01.17,15700.0,450.0,14850.0,15700.0,14850.0,103.0,1060.0,1060.0,1056.0,1056.0,1056.0,1048.0
1061,2020.01.16,15250.0,400.0,15250.0,15250.0,15250.0,100.0,1061.0,1061.0,1057.0,1057.0,1057.0,1049.0
1062,2020.01.15,15650.0,450.0,14800.0,15650.0,14800.0,103.0,1062.0,1062.0,1058.0,1058.0,1058.0,1050.0
1063,2020.01.14,15200.0,450.0,14350.0,15200.0,14350.0,105.0,1063.0,1063.0,1059.0,1059.0,1059.0,1051.0
1064,2020.01.13,14750.0,400.0,13950.0,14750.0,13950.0,101.0,1064.0,1064.0,1060.0,1060.0,1060.0,1052.0
1065,2020.01.10,14350.0,400.0,14350.0,14350.0,14350.0,100.0,1065.0,1065.0,1061.0,1061.0,1061.0,1053.0
1066,2020.01.09,14750.0,400.0,13950.0,14750.0,13950.0,101.0,1066.0,1066.0,1062.0,1062.0,1062.0,1054.0
1067,2020.01.08,14350.0,400.0,14350.0,14350.0,14350.0,100.0,1067.0,1067.0,1063.0,1063.0,1063.0,1055.0
1068,2020.01.07,14750.0,400.0,13950.0,14750.0,13950.0,101.0,1068.0,1068.0,1064.0,1064.0,1064.0,1056.0
1069,2020.01.06,14350.0,450.0,13550.0,14350.0,13550.0,101.0,1069.0,1069.0,1065.0,1065.0,1065.0,1057.0
1070,2020.01.03,13900.0,400.0,13150.0,13900.0,13150.0,105.0,1070.0,1070.0,1066.0,1066.0,1066.0,1058.0
1071,2020.01.02,13500.0,400.0,12750.0,13500.0,12750.0,101.0,1071.0,1071.0,1067.0,1067.0,1067.0,1059.0
1072,2019.12.30,13100.0,450.0,13500.0,13500.0,13100.0,60.0,1072.0,1072.0,1068.0,1068.0,1068.0,1060.0
1073,2019.12.27,13550.0,350.0,13550.0,13550.0,13550.0,100.0,1073.0,1073.0,1069.0,1069.0,1069.0,1061.0
1074,2019.12.26,13900.0,400.0,13150.0,13900.0,13150.0,105.0,1074.0,1074.0,1070.0,1070.0,1070.0,1062.0
1075,2019.12.24,13500.0,250.0,13500.0,13500.0,13500.0,1000.0,1075.0,1075.0,1071.0,1071.0,1071.0,1063.0
1076,2019.12.23,13750.0,350.0,13750.0,13750.0,13750.0,101.0,1076.0,1076.0,1072.0,1072.0,1072.0,1064.0
1077,2019.12.20,14100.0,400.0,14100.0,14100.0,14100.0,100.0,1077.0,1077.0,1073.0,1073.0,1073.0,1065.0
1078,2019.12.19,14500.0,450.0,13700.0,14500.0,13700.0,101.0,1078.0,1078.0,1074.0,1074.0,1074.0,1066.0
1079,2019.12.18,14050.0,400.0,13300.0,14050.0,13300.0,101.0,1079.0,1079.0,1075.0,1075.0,1075.0,1067.0
1080,2019.12.17,13650.0,400.0,12900.0,13650.0,12900.0,101.0,1080.0,1080.0,1076.0,1076.0,1076.0,1068.0
1081,2019.12.16,13250.0,400.0,12500.0,13250.0,12500.0,101.0,1081.0,1081.0,1077.0,1077.0,1077.0,1069.0
1082,2019.12.13,12850.0,400.0,12150.0,12850.0,12150.0,101.0,1082.0,1082.0,1078.0,1078.0,1078.0,1070.0
1083,2019.12.12,12450.0,400.0,11750.0,12450.0,11750.0,101.0,1083.0,1083.0,1079.0,1079.0,1079.0,1071.0
1084,2019.12.11,12050.0,300.0,12050.0,12050.0,12050.0,100.0,1084.0,1084.0,1080.0,1080.0,1080.0,1072.0
1085,2019.12.10,12350.0,350.0,12350.0,12350.0,12350.0,100.0,1085.0,1085.0,1081.0,1081.0,1081.0,1073.0
1086,2019.12.09,12700.0,350.0,12700.0,12700.0,12700.0,100.0,1086.0,1086.0,1082.0,1082.0,1082.0,1074.0
1087,2019.12.06,13050.0,350.0,13050.0,13050.0,13050.0,100.0,1087.0,1087.0,1083.0,1083.0,1083.0,1075.0
1088,2019.12.05,13400.0,350.0,13400.0,13400.0,13400.0,100.0,1088.0,1088.0,1084.0,1084.0,1084.0,1076.0
1089,2019.12.04,13750.0,400.0,13750.0,13750.0,13750.0,100.0,1089.0,1089.0,1085.0,1085.0,1085.0,1077.0
1090,2019.12.03,14150.0,400.0,14150.0,14150.0,14150.0,100.0,1090.0,1090.0,1086.0,1086.0,1086.0,1078.0
1091,2019.12.02,14550.0,450.0,14550.0,14550.0,14550.0,100.0,1091.0,1091.0,1087.0,1087.0,1087.0,1079.0
1092,2019.11.29,15000.0,0.0,15000.0,15000.0,15000.0,0.0,1092.0,1092.0,1088.0,1088.0,1088.0,1080.0
1093,2019.11.28,15000.0,0.0,15000.0,15000.0,15000.0,0.0,1093.0,1093.0,1089.0,1089.0,1089.0,1081.0
1094,2019.11.27,15000.0,0.0,15000.0,15000.0,15000.0,0.0,1094.0,1094.0,1090.0,1090.0,1090.0,1082.0
1095,2019.11.26,15000.0,0.0,15000.0,15000.0,15000.0,0.0,1095.0,1095.0,1091.0,1091.0,1091.0,1083.0
1096,2019.11.25,15000.0,0.0,15000.0,15000.0,15000.0,0.0,1096.0,1096.0,1092.0,1092.0,1092.0,1084.0
1097,2019.11.22,15000.0,0.0,15000.0,15000.0,15000.0,0.0,1097.0,1097.0,1093.0,1093.0,1093.0,1085.0
1098,2019.11.21,15000.0,0.0,15000.0,15000.0,15000.0,0.0,1098.0,1098.0,1094.0,1094.0,1094.0,1086.0
1099,2019.11.20,15000.0,0.0,15000.0,15000.0,15000.0,0.0,1099.0,1099.0,1095.0,1095.0,1095.0,1087.0
1100,2019.11.19,15000.0,0.0,15000.0,15000.0,15000.0,0.0,1100.0,1100.0,1096.0,1096.0,1096.0,1088.0
1101,2019.11.18,15000.0,0.0,15000.0,15000.0,15000.0,0.0,1101.0,1101.0,1097.0,1097.0,1097.0,1089.0
1102,2019.11.15,15000.0,0.0,15000.0,15000.0,15000.0,0.0,1102.0,1102.0,1098.0,1098.0,1098.0,1090.0
1103,2019.11.14,15000.0,0.0,15000.0,15000.0,15000.0,0.0,1103.0,1103.0,1099.0,1099.0,1099.0,1091.0
1104,2019.11.13,15000.0,0.0,15000.0,15000.0,15000.0,0.0,1104.0,1104.0,1100.0,1100.0,1100.0,1092.0
1105,2019.11.12,15000.0,0.0,15000.0,15000.0,15000.0,0.0,1105.0,1105.0,1101.0,1101.0,1101.0,1093.0
1106,2019.11.11,15000.0,0.0,15000.0,15000.0,15000.0,0.0,1106.0,1106.0,1102.0,1102.0,1102.0,1094.0
1107,2019.11.08,15000.0,0.0,15000.0,15000.0,15000.0,0.0,1107.0,1107.0,1103.0,1103.0,1103.0,1095.0
1108,2019.11.07,15000.0,0.0,15000.0,15000.0,15000.0,0.0,1108.0,1108.0,1104.0,1104.0,1104.0,1096.0
1109,2019.11.06,15000.0,0.0,15000.0,15000.0,15000.0,0.0,1109.0,1109.0,1105.0,1105.0,1105.0,1097.0
1110,2019.11.05,15000.0,0.0,15000.0,15000.0,15000.0,0.0,1110.0,1110.0,1106.0,1106.0,1106.0,1098.0
1111,2019.11.04,15000.0,0.0,15000.0,15000.0,15000.0,0.0,1111.0,1111.0,1107.0,1107.0,1107.0,1099.0
1112,2019.11.01,15000.0,0.0,15000.0,15000.0,15000.0,0.0,1112.0,1112.0,1108.0,1108.0,1108.0,1100.0
1113,2019.10.31,15000.0,0.0,15000.0,15000.0,15000.0,0.0,1113.0,1113.0,1109.0,1109.0,1109.0,1101.0
1114,2019.10.30,15000.0,0.0,15000.0,15000.0,15000.0,0.0,1114.0,1114.0,1110.0,1110.0,1110.0,1102.0
1115,2019.10.29,15000.0,0.0,15000.0,15000.0,15000.0,0.0,1115.0,1115.0,1111.0,1111.0,1111.0,1103.0
1116,2019.10.28,15000.0,0.0,15000.0,15000.0,15000.0,0.0,1116.0,1116.0,1112.0,1112.0,1112.0,1104.0
1117,2019.10.25,15000.0,0.0,15000.0,15000.0,15000.0,0.0,1117.0,1117.0,1113.0,1113.0,1113.0,1105.0
1118,2019.10.24,15000.0,0.0,15000.0,15000.0,15000.0,0.0,1118.0,1118.0,1114.0,1114.0,1114.0,1106.0
1119,2019.10.23,15000.0,0.0,15000.0,15000.0,15000.0,0.0,1119.0,1119.0,1115.0,1115.0,1115.0,1107.0
1120,2019.10.22,15000.0,0.0,15000.0,15000.0,15000.0,0.0,1120.0,1120.0,1116.0,1116.0,1116.0,1108.0
1121,2019.10.21,15000.0,0.0,15000.0,15000.0,15000.0,0.0,1121.0,1121.0,1117.0,1117.0,1117.0,1109.0
1122,2019.10.18,15000.0,0.0,15000.0,15000.0,15000.0,0.0,1122.0,1122.0,1118.0,1118.0,1118.0,1110.0
1123,2019.10.17,15000.0,400.0,15000.0,15000.0,15000.0,100.0,1123.0,1123.0,1119.0,1119.0,1119.0,1111.0
1124,2019.10.16,15400.0,400.0,15400.0,15400.0,15400.0,100.0,1124.0,1124.0,1120.0,1120.0,1120.0,1112.0
1125,2019.10.15,15800.0,450.0,15800.0,15800.0,15800.0,100.0,1125.0,1125.0,1121.0,1121.0,1121.0,1113.0
1126,2019.10.14,16250.0,450.0,16250.0,16250.0,16250.0,100.0,1126.0,1126.0,1122.0,1122.0,1122.0,1114.0
1127,2019.10.11,16700.0,450.0,16700.0,16700.0,16700.0,100.0,1127.0,1127.0,1123.0,1123.0,1123.0,1115.0
1128,2019.10.10,17150.0,500.0,17150.0,17150.0,17150.0,100.0,1128.0,1128.0,1124.0,1124.0,1124.0,1116.0
1129,2019.10.08,17650.0,500.0,17650.0,17650.0,17650.0,100.0,1129.0,1129.0,1125.0,1125.0,1125.0,1117.0
1130,2019.10.07,18150.0,500.0,18150.0,18150.0,18150.0,100.0,1130.0,1130.0,1126.0,1126.0,1126.0,1118.0
1131,2019.10.04,18650.0,550.0,18650.0,18650.0,18650.0,100.0,1131.0,1131.0,1127.0,1127.0,1127.0,1119.0
1132,2019.10.02,19200.0,550.0,19200.0,19200.0,19200.0,100.0,1132.0,1132.0,1128.0,1128.0,1128.0,1120.0
1133,2019.10.01,19750.0,0.0,19750.0,19750.0,19750.0,0.0,1133.0,1133.0,1129.0,1129.0,1129.0,1121.0
1134,2019.09.30,19750.0,0.0,19750.0,19750.0,19750.0,0.0,1134.0,1134.0,1130.0,1130.0,1130.0,1122.0
1135,2019.09.27,19750.0,0.0,19750.0,19750.0,19750.0,0.0,1135.0,1135.0,1131.0,1131.0,1131.0,1123.0
1136,2019.09.26,19750.0,0.0,19750.0,19750.0,19750.0,0.0,1136.0,1136.0,1132.0,1132.0,1132.0,1124.0
1137,2019.09.25,19750.0,0.0,19750.0,19750.0,19750.0,0.0,1137.0,1137.0,1133.0,1133.0,1133.0,1125.0
1138,2019.09.24,19750.0,0.0,19750.0,19750.0,19750.0,0.0,1138.0,1138.0,1134.0,1134.0,1134.0,1126.0
1139,2019.09.23,19750.0,0.0,19750.0,19750.0,19750.0,0.0,1139.0,1139.0,1135.0,1135.0,1135.0,1127.0
1140,2019.09.20,19750.0,0.0,19750.0,19750.0,19750.0,0.0,1140.0,1140.0,1136.0,1136.0,1136.0,1128.0
1141,2019.09.19,19750.0,0.0,19750.0,19750.0,19750.0,0.0,1141.0,1141.0,1137.0,1137.0,1137.0,1129.0
1142,2019.09.18,19750.0,0.0,19750.0,19750.0,19750.0,0.0,1142.0,1142.0,1138.0,1138.0,1138.0,1130.0
1143,2019.09.17,19750.0,0.0,19750.0,19750.0,19750.0,0.0,1143.0,1143.0,1139.0,1139.0,1139.0,1131.0
1144,2019.09.16,19750.0,0.0,19750.0,19750.0,19750.0,0.0,1144.0,1144.0,1140.0,1140.0,1140.0,1132.0
1145,2019.09.11,19750.0,0.0,19750.0,19750.0,19750.0,0.0,1145.0,1145.0,1141.0,1141.0,1141.0,1133.0
1146,2019.09.10,19750.0,0.0,19750.0,19750.0,19750.0,0.0,1146.0,1146.0,1142.0,1142.0,1142.0,1134.0
1147,2019.09.09,19750.0,0.0,19750.0,19750.0,19750.0,0.0,1147.0,1147.0,1143.0,1143.0,1143.0,1135.0
1148,2019.09.06,19750.0,0.0,19750.0,19750.0,19750.0,0.0,1148.0,1148.0,1144.0,1144.0,1144.0,1136.0
1149,2019.09.05,19750.0,0.0,19750.0,19750.0,19750.0,0.0,1149.0,1149.0,1145.0,1145.0,1145.0,1137.0
1150,2019.09.04,19750.0,0.0,19750.0,19750.0,19750.0,0.0,1150.0,1150.0,1146.0,1146.0,1146.0,1138.0
1151,2019.09.03,19750.0,0.0,19750.0,19750.0,19750.0,0.0,1151.0,1151.0,1147.0,1147.0,1147.0,1139.0
1152,2019.09.02,19750.0,0.0,19750.0,19750.0,19750.0,0.0,1152.0,1152.0,1148.0,1148.0,1148.0,1140.0
1153,2019.08.30,19750.0,0.0,19750.0,19750.0,19750.0,0.0,1153.0,1153.0,1149.0,1149.0,1149.0,1141.0
1154,2019.08.29,19750.0,0.0,19750.0,19750.0,19750.0,0.0,1154.0,1154.0,1150.0,1150.0,1150.0,1142.0
1155,2019.08.28,19750.0,550.0,19750.0,19750.0,19750.0,10.0,1155.0,1155.0,1151.0,1151.0,1151.0,1143.0
1156,2019.08.27,20300.0,0.0,20300.0,20300.0,20300.0,0.0,1156.0,1156.0,1152.0,1152.0,1152.0,1144.0
1157,2019.08.26,20300.0,0.0,20300.0,20300.0,20300.0,0.0,1157.0,1157.0,1153.0,1153.0,1153.0,1145.0
1158,2019.08.23,20300.0,0.0,20300.0,20300.0,20300.0,0.0,1158.0,1158.0,1154.0,1154.0,1154.0,1146.0
1159,2019.08.22,20300.0,0.0,20300.0,20300.0,20300.0,0.0,1159.0,1159.0,1155.0,1155.0,1155.0,1147.0
1160,2019.08.21,20300.0,0.0,20300.0,20300.0,20300.0,0.0,1160.0,1160.0,1156.0,1156.0,1156.0,1148.0
1161,2019.08.20,20300.0,0.0,20300.0,20300.0,20300.0,0.0,1161.0,1161.0,1157.0,1157.0,1157.0,1149.0
1162,2019.08.19,20300.0,0.0,20300.0,20300.0,20300.0,0.0,1162.0,1162.0,1158.0,1158.0,1158.0,1150.0
1163,2019.08.16,20300.0,0.0,20300.0,20300.0,20300.0,0.0,1163.0,1163.0,1159.0,1159.0,1159.0,1151.0
1164,2019.08.14,20300.0,0.0,20300.0,20300.0,20300.0,0.0,1164.0,1164.0,1160.0,1160.0,1160.0,1152.0
1165,2019.08.13,20300.0,0.0,20300.0,20300.0,20300.0,0.0,1165.0,1165.0,1161.0,1161.0,1161.0,1153.0
1166,2019.08.12,20300.0,0.0,20300.0,20300.0,20300.0,0.0,1166.0,1166.0,1162.0,1162.0,1162.0,1154.0
1167,2019.08.09,20300.0,0.0,20300.0,20300.0,20300.0,0.0,1167.0,1167.0,1163.0,1163.0,1163.0,1155.0
1168,2019.08.08,20300.0,0.0,20300.0,20300.0,20300.0,0.0,1168.0,1168.0,1164.0,1164.0,1164.0,1156.0
1169,2019.08.07,20300.0,0.0,20300.0,20300.0,20300.0,0.0,1169.0,1169.0,1165.0,1165.0,1165.0,1157.0
1170,2019.08.06,20300.0,0.0,20300.0,20300.0,20300.0,0.0,1170.0,1170.0,1166.0,1166.0,1166.0,1158.0
1171,2019.08.05,20300.0,0.0,20300.0,20300.0,20300.0,0.0,1171.0,1171.0,1167.0,1167.0,1167.0,1159.0
1172,2019.08.02,20300.0,0.0,20300.0,20300.0,20300.0,0.0,1172.0,1172.0,1168.0,1168.0,1168.0,1160.0
1173,2019.08.01,20300.0,0.0,20300.0,20300.0,20300.0,0.0,1173.0,1173.0,1169.0,1169.0,1169.0,1161.0
1174,2019.07.31,20300.0,0.0,20300.0,20300.0,20300.0,0.0,1174.0,1174.0,1170.0,1170.0,1170.0,1162.0
1175,2019.07.30,20300.0,0.0,20300.0,20300.0,20300.0,0.0,1175.0,1175.0,1171.0,1171.0,1171.0,1163.0
1176,2019.07.29,20300.0,0.0,20300.0,20300.0,20300.0,0.0,1176.0,1176.0,1172.0,1172.0,1172.0,1164.0
1177,2019.07.26,20300.0,0.0,20300.0,20300.0,20300.0,0.0,1177.0,1177.0,1173.0,1173.0,1173.0,1165.0
1178,2019.07.25,20300.0,0.0,20300.0,20300.0,20300.0,0.0,1178.0,1178.0,1174.0,1174.0,1174.0,1166.0
1179,2019.07.24,20300.0,0.0,20300.0,20300.0,20300.0,0.0,1179.0,1179.0,1175.0,1175.0,1175.0,1167.0
1180,2019.07.23,20300.0,0.0,20300.0,20300.0,20300.0,0.0,1180.0,1180.0,1176.0,1176.0,1176.0,1168.0
1181,2019.07.22,20300.0,0.0,20300.0,20300.0,20300.0,0.0,1181.0,1181.0,1177.0,1177.0,1177.0,1169.0
1182,2019.07.19,20300.0,0.0,20300.0,20300.0,20300.0,0.0,1182.0,1182.0,1178.0,1178.0,1178.0,1170.0
1183,2019.07.18,20300.0,0.0,20300.0,20300.0,20300.0,0.0,1183.0,1183.0,1179.0,1179.0,1179.0,1171.0
1184,2019.07.17,20300.0,0.0,20300.0,20300.0,20300.0,0.0,1184.0,1184.0,1180.0,1180.0,1180.0,1172.0
1185,2019.07.16,20300.0,0.0,20300.0,20300.0,20300.0,0.0,1185.0,1185.0,1181.0,1181.0,1181.0,1173.0
1186,2019.07.15,20300.0,0.0,20300.0,20300.0,20300.0,0.0,1186.0,1186.0,1182.0,1182.0,1182.0,1174.0
1187,2019.07.12,20300.0,0.0,20300.0,20300.0,20300.0,0.0,1187.0,1187.0,1183.0,1183.0,1183.0,1175.0
1188,2019.07.11,20300.0,0.0,20300.0,20300.0,20300.0,0.0,1188.0,1188.0,1184.0,1184.0,1184.0,1176.0
1189,2019.07.10,20300.0,0.0,20300.0,20300.0,20300.0,0.0,1189.0,1189.0,1185.0,1185.0,1185.0,1177.0
1190,2019.07.09,20300.0,0.0,20300.0,20300.0,20300.0,0.0,1190.0,1190.0,1186.0,1186.0,1186.0,1178.0
1191,2019.07.08,20300.0,0.0,20300.0,20300.0,20300.0,0.0,1191.0,1191.0,1187.0,1187.0,1187.0,1179.0
1192,2019.07.05,20300.0,0.0,20300.0,20300.0,20300.0,0.0,1192.0,1192.0,1188.0,1188.0,1188.0,1180.0
1193,2019.07.04,20300.0,0.0,20300.0,20300.0,20300.0,0.0,1193.0,1193.0,1189.0,1189.0,1189.0,1181.0
1194,2019.07.03,20300.0,600.0,20300.0,20300.0,20300.0,100.0,1194.0,1194.0,1190.0,1190.0,1190.0,1182.0
1195,2019.07.02,20900.0,0.0,20900.0,20900.0,20900.0,0.0,1195.0,1195.0,1191.0,1191.0,1191.0,1183.0
1196,2019.07.01,20900.0,0.0,20900.0,20900.0,20900.0,0.0,1196.0,1196.0,1192.0,1192.0,1192.0,1184.0
1197,2019.06.28,20900.0,0.0,20900.0,20900.0,20900.0,0.0,1197.0,1197.0,1193.0,1193.0,1193.0,1185.0
1198,2019.06.27,20900.0,0.0,20900.0,20900.0,20900.0,0.0,1198.0,1198.0,1194.0,1194.0,1194.0,1186.0
1199,2019.06.26,20900.0,0.0,20900.0,20900.0,20900.0,0.0,1199.0,1199.0,1195.0,1195.0,1195.0,1187.0
1200,2019.06.25,20900.0,0.0,20900.0,20900.0,20900.0,0.0,1200.0,1200.0,1196.0,1196.0,1196.0,1188.0
1201,2019.06.24,20900.0,0.0,20900.0,20900.0,20900.0,0.0,1201.0,1201.0,1197.0,1197.0,1197.0,1189.0
1202,2019.06.21,20900.0,0.0,20900.0,20900.0,20900.0,0.0,1202.0,1202.0,1198.0,1198.0,1198.0,1190.0
1203,2019.06.20,20900.0,0.0,20900.0,20900.0,20900.0,0.0,1203.0,1203.0,1199.0,1199.0,1199.0,1191.0
1204,2019.06.19,20900.0,0.0,20900.0,20900.0,20900.0,0.0,1204.0,1204.0,1200.0,1200.0,1200.0,1192.0
1205,2019.06.18,20900.0,0.0,20900.0,20900.0,20900.0,0.0,1205.0,1205.0,1201.0,1201.0,1201.0,1193.0
1206,2019.06.17,20900.0,0.0,20900.0,20900.0,20900.0,0.0,1206.0,1206.0,1202.0,1202.0,1202.0,1194.0
1207,2019.06.14,20900.0,0.0,20900.0,20900.0,20900.0,0.0,1207.0,1207.0,1203.0,1203.0,1203.0,1195.0
1208,2019.06.13,20900.0,0.0,20900.0,20900.0,20900.0,0.0,1208.0,1208.0,1204.0,1204.0,1204.0,1196.0
1209,2019.06.12,20900.0,0.0,20900.0,20900.0,20900.0,0.0,1209.0,1209.0,1205.0,1205.0,1205.0,1197.0
1210,2019.06.11,20900.0,0.0,20900.0,20900.0,20900.0,0.0,1210.0,1210.0,1206.0,1206.0,1206.0,1198.0
1211,2019.06.10,20900.0,0.0,20900.0,20900.0,20900.0,0.0,1211.0,1211.0,1207.0,1207.0,1207.0,1199.0
1212,2019.06.07,20900.0,0.0,20900.0,20900.0,20900.0,0.0,1212.0,1212.0,1208.0,1208.0,1208.0,1200.0
1213,2019.06.05,20900.0,0.0,20900.0,20900.0,20900.0,0.0,1213.0,1213.0,1209.0,1209.0,1209.0,1201.0
1214,2019.06.04,20900.0,0.0,20900.0,20900.0,20900.0,0.0,1214.0,1214.0,1210.0,1210.0,1210.0,1202.0
1215,2019.06.03,20900.0,0.0,20900.0,20900.0,20900.0,0.0,1215.0,1215.0,1211.0,1211.0,1211.0,1203.0
1216,2019.05.31,20900.0,0.0,20900.0,20900.0,20900.0,0.0,1216.0,1216.0,1212.0,1212.0,1212.0,1204.0
1217,2019.05.30,20900.0,0.0,20900.0,20900.0,20900.0,0.0,1217.0,1217.0,1213.0,1213.0,1213.0,1205.0
1218,2019.05.29,20900.0,0.0,20900.0,20900.0,20900.0,0.0,1218.0,1218.0,1214.0,1214.0,1214.0,1206.0
1219,2019.05.28,20900.0,0.0,20900.0,20900.0,20900.0,0.0,1219.0,1219.0,1215.0,1215.0,1215.0,1207.0
1220,2019.05.27,20900.0,0.0,20900.0,20900.0,20900.0,0.0,1220.0,1220.0,1216.0,1216.0,1216.0,1208.0
1221,2019.05.24,20900.0,0.0,20900.0,20900.0,20900.0,0.0,1221.0,1221.0,1217.0,1217.0,1217.0,1209.0
1222,2019.05.23,20900.0,0.0,20900.0,20900.0,20900.0,0.0,1222.0,1222.0,1218.0,1218.0,1218.0,1210.0
1223,2019.05.22,20900.0,0.0,20900.0,20900.0,20900.0,0.0,1223.0,1223.0,1219.0,1219.0,1219.0,1211.0
1224,2019.05.21,20900.0,0.0,20900.0,20900.0,20900.0,0.0,1224.0,1224.0,1220.0,1220.0,1220.0,1212.0
1225,2019.05.20,20900.0,0.0,20900.0,20900.0,20900.0,0.0,1225.0,1225.0,1221.0,1221.0,1221.0,1213.0
1226,2019.05.17,20900.0,0.0,20900.0,20900.0,20900.0,0.0,1226.0,1226.0,1222.0,1222.0,1222.0,1214.0
1227,2019.05.16,20900.0,0.0,20900.0,20900.0,20900.0,0.0,1227.0,1227.0,1223.0,1223.0,1223.0,1215.0
1228,2019.05.15,20900.0,0.0,20900.0,20900.0,20900.0,0.0,1228.0,1228.0,1224.0,1224.0,1224.0,1216.0
1229,2019.05.14,20900.0,0.0,20900.0,20900.0,20900.0,0.0,1229.0,1229.0,1225.0,1225.0,1225.0,1217.0
1230,2019.05.13,20900.0,0.0,20900.0,20900.0,20900.0,0.0,1230.0,1230.0,1226.0,1226.0,1226.0,1218.0
1231,2019.05.10,20900.0,0.0,20900.0,20900.0,20900.0,0.0,1231.0,1231.0,1227.0,1227.0,1227.0,1219.0
1232,2019.05.09,20900.0,0.0,20900.0,20900.0,20900.0,0.0,1232.0,1232.0,1228.0,1228.0,1228.0,1220.0
1233,2019.05.08,20900.0,0.0,20900.0,20900.0,20900.0,0.0,1233.0,1233.0,1229.0,1229.0,1229.0,1221.0
1234,2019.05.07,20900.0,0.0,20900.0,20900.0,20900.0,0.0,1234.0,1234.0,1230.0,1230.0,1230.0,1222.0
1235,2019.05.03,20900.0,0.0,20900.0,20900.0,20900.0,0.0,1235.0,1235.0,1231.0,1231.0,1231.0,1223.0
1236,2019.05.02,20900.0,0.0,20900.0,20900.0,20900.0,0.0,1236.0,1236.0,1232.0,1232.0,1232.0,1224.0
1237,2019.04.30,20900.0,0.0,20900.0,20900.0,20900.0,0.0,1237.0,1237.0,1233.0,1233.0,1233.0,1225.0
1238,2019.04.29,20900.0,0.0,20900.0,20900.0,20900.0,0.0,1238.0,1238.0,1234.0,1234.0,1234.0,1226.0
1239,2019.04.26,20900.0,0.0,20900.0,20900.0,20900.0,0.0,1239.0,1239.0,1235.0,1235.0,1235.0,1227.0
1240,2019.04.25,20900.0,0.0,20900.0,20900.0,20900.0,0.0,1240.0,1240.0,1236.0,1236.0,1236.0,1228.0
1241,2019.04.24,20900.0,0.0,20900.0,20900.0,20900.0,0.0,1241.0,1241.0,1237.0,1237.0,1237.0,1229.0
1242,2019.04.23,20900.0,0.0,20900.0,20900.0,20900.0,0.0,1242.0,1242.0,1238.0,1238.0,1238.0,1230.0
1243,2019.04.22,20900.0,0.0,20900.0,20900.0,20900.0,0.0,1243.0,1243.0,1239.0,1239.0,1239.0,1231.0
1244,2019.04.19,20900.0,0.0,20900.0,20900.0,20900.0,0.0,1244.0,1244.0,1240.0,1240.0,1240.0,1232.0
1245,2019.04.18,20900.0,0.0,20900.0,20900.0,20900.0,0.0,1245.0,1245.0,1241.0,1241.0,1241.0,1233.0
1246,2019.04.17,20900.0,0.0,20900.0,20900.0,20900.0,0.0,1246.0,1246.0,1242.0,1242.0,1242.0,1234.0
1247,2019.04.16,20900.0,0.0,20900.0,20900.0,20900.0,0.0,1247.0,1247.0,1243.0,1243.0,1243.0,1235.0
1248,2019.04.15,20900.0,0.0,20900.0,20900.0,20900.0,0.0,1248.0,1248.0,1244.0,1244.0,1244.0,1236.0
1249,2019.04.12,20900.0,0.0,20900.0,20900.0,20900.0,0.0,1249.0,1249.0,1245.0,1245.0,1245.0,1237.0
1250,2019.04.11,20900.0,0.0,20900.0,20900.0,20900.0,0.0,1250.0,1250.0,1246.0,1246.0,1246.0,1238.0
1251,2019.04.10,20900.0,0.0,20900.0,20900.0,20900.0,0.0,1251.0,1251.0,1247.0,1247.0,1247.0,1239.0
1252,2019.04.09,20900.0,0.0,20900.0,20900.0,20900.0,0.0,1252.0,1252.0,1248.0,1248.0,1248.0,1240.0
1253,2019.04.08,20900.0,0.0,20900.0,20900.0,20900.0,0.0,1253.0,1253.0,1249.0,1249.0,1249.0,1241.0
1254,2019.04.05,20900.0,0.0,20900.0,20900.0,20900.0,0.0,1254.0,1254.0,1250.0,1250.0,1250.0,1242.0
1255,2019.04.04,20900.0,0.0,20900.0,20900.0,20900.0,0.0,1255.0,1255.0,1251.0,1251.0,1251.0,1243.0
1256,2019.04.03,20900.0,0.0,20900.0,20900.0,20900.0,0.0,1256.0,1256.0,1252.0,1252.0,1252.0,1244.0
1257,2019.04.02,20900.0,0.0,20900.0,20900.0,20900.0,0.0,1257.0,1257.0,1253.0,1253.0,1253.0,1245.0
1258,2019.04.01,20900.0,0.0,20900.0,20900.0,20900.0,0.0,1258.0,1258.0,1254.0,1254.0,1254.0,1246.0
1259,2019.03.29,20900.0,0.0,20900.0,20900.0,20900.0,0.0,1259.0,1259.0,1255.0,1255.0,1255.0,1247.0
1260,2019.03.28,20900.0,0.0,20900.0,20900.0,20900.0,0.0,1260.0,1260.0,1256.0,1256.0,1256.0,1248.0
1261,2019.03.27,20900.0,0.0,20900.0,20900.0,20900.0,0.0,1261.0,1261.0,1257.0,1257.0,1257.0,1249.0
1262,2019.03.26,20900.0,0.0,20900.0,20900.0,20900.0,0.0,1262.0,1262.0,1258.0,1258.0,1258.0,1250.0
1263,2019.03.25,20900.0,0.0,20900.0,20900.0,20900.0,0.0,1263.0,1263.0,1259.0,1259.0,1259.0,1251.0
1264,2019.03.22,20900.0,0.0,20900.0,20900.0,20900.0,0.0,1264.0,1264.0,1260.0,1260.0,1260.0,1252.0
1265,2019.03.21,20900.0,0.0,20900.0,20900.0,20900.0,0.0,1265.0,1265.0,1261.0,1261.0,1261.0,1253.0
1266,2019.03.20,20900.0,0.0,20900.0,20900.0,20900.0,0.0,1266.0,1266.0,1262.0,1262.0,1262.0,1254.0
1267,2019.03.19,20900.0,0.0,20900.0,20900.0,20900.0,0.0,1267.0,1267.0,1263.0,1263.0,1263.0,1255.0
1268,2019.03.18,20900.0,0.0,20900.0,20900.0,20900.0,0.0,1268.0,1268.0,1264.0,1264.0,1264.0,1256.0
1269,2019.03.15,20900.0,0.0,20900.0,20900.0,20900.0,0.0,1269.0,1269.0,1265.0,1265.0,1265.0,1257.0
1270,2019.03.14,20900.0,0.0,20900.0,20900.0,20900.0,0.0,1270.0,1270.0,1266.0,1266.0,1266.0,1258.0
1271,2019.03.13,20900.0,0.0,20900.0,20900.0,20900.0,0.0,1271.0,1271.0,1267.0,1267.0,1267.0,1259.0
1272,2019.03.12,20900.0,0.0,20900.0,20900.0,20900.0,0.0,1272.0,1272.0,1268.0,1268.0,1268.0,1260.0
1273,2019.03.11,20900.0,0.0,20900.0,20900.0,20900.0,0.0,1273.0,1273.0,1269.0,1269.0,1269.0,1261.0
1274,2019.03.08,20900.0,0.0,20900.0,20900.0,20900.0,0.0,1274.0,1274.0,1270.0,1270.0,1270.0,1262.0
1275,2019.03.07,20900.0,0.0,20900.0,20900.0,20900.0,0.0,1275.0,1275.0,1271.0,1271.0,1271.0,1263.0
1276,2019.03.06,20900.0,0.0,20900.0,20900.0,20900.0,0.0,1276.0,1276.0,1272.0,1272.0,1272.0,1264.0
1277,2019.03.05,20900.0,0.0,20900.0,20900.0,20900.0,0.0,1277.0,1277.0,1273.0,1273.0,1273.0,1265.0
1278,2019.03.04,20900.0,0.0,20900.0,20900.0,20900.0,0.0,1278.0,1278.0,1274.0,1274.0,1274.0,1266.0
1279,2019.02.28,20900.0,0.0,20900.0,20900.0,20900.0,0.0,1279.0,1279.0,1275.0,1275.0,1275.0,1267.0
1280,2019.02.27,20900.0,0.0,20900.0,20900.0,20900.0,0.0,1280.0,1280.0,1276.0,1276.0,1276.0,1268.0
1281,2019.02.26,20900.0,0.0,20900.0,20900.0,20900.0,0.0,1281.0,1281.0,1277.0,1277.0,1277.0,1269.0
1282,2019.02.25,20900.0,0.0,20900.0,20900.0,20900.0,0.0,1282.0,1282.0,1278.0,1278.0,1278.0,1270.0
1283,2019.02.22,20900.0,0.0,20900.0,20900.0,20900.0,0.0,1283.0,1283.0,1279.0,1279.0,1279.0,1271.0
1284,2019.02.21,20900.0,0.0,20900.0,20900.0,20900.0,0.0,1284.0,1284.0,1280.0,1280.0,1280.0,1272.0
1285,2019.02.20,20900.0,0.0,20900.0,20900.0,20900.0,0.0,1285.0,1285.0,1281.0,1281.0,1281.0,1273.0
1286,2019.02.19,20900.0,0.0,20900.0,20900.0,20900.0,0.0,1286.0,1286.0,1282.0,1282.0,1282.0,1274.0
1287,2019.02.18,20900.0,0.0,20900.0,20900.0,20900.0,0.0,1287.0,1287.0,1283.0,1283.0,1283.0,1275.0
1288,2019.02.15,20900.0,0.0,20900.0,20900.0,20900.0,0.0,1288.0,1288.0,1284.0,1284.0,1284.0,1276.0
1289,2019.02.14,20900.0,0.0,20900.0,20900.0,20900.0,0.0,1289.0,1289.0,1285.0,1285.0,1285.0,1277.0
1290,2019.02.13,20900.0,0.0,20900.0,20900.0,20900.0,0.0,1290.0,1290.0,1286.0,1286.0,1286.0,1278.0
1291,2019.02.12,20900.0,0.0,20900.0,20900.0,20900.0,0.0,1291.0,1291.0,1287.0,1287.0,1287.0,1279.0
1292,2019.02.11,20900.0,0.0,20900.0,20900.0,20900.0,0.0,1292.0,1292.0,1288.0,1288.0,1288.0,1280.0
1293,2019.02.08,20900.0,0.0,20900.0,20900.0,20900.0,0.0,1293.0,1293.0,1289.0,1289.0,1289.0,1281.0
1294,2019.02.07,20900.0,0.0,20900.0,20900.0,20900.0,0.0,1294.0,1294.0,1290.0,1290.0,1290.0,1282.0
1295,2019.02.01,20900.0,0.0,20900.0,20900.0,20900.0,0.0,1295.0,1295.0,1291.0,1291.0,1291.0,1283.0
1296,2019.01.31,20900.0,0.0,20900.0,20900.0,20900.0,0.0,1296.0,1296.0,1292.0,1292.0,1292.0,1284.0
1297,2019.01.30,20900.0,0.0,20900.0,20900.0,20900.0,0.0,1297.0,1297.0,1293.0,1293.0,1293.0,1285.0
1298,2019.01.29,20900.0,0.0,20900.0,20900.0,20900.0,0.0,1298.0,1298.0,1294.0,1294.0,1294.0,1286.0
1299,2019.01.28,20900.0,0.0,20900.0,20900.0,20900.0,0.0,1299.0,1299.0,1295.0,1295.0,1295.0,1287.0
1300,2019.01.25,20900.0,0.0,20900.0,20900.0,20900.0,0.0,1300.0,1300.0,1296.0,1296.0,1296.0,1288.0
1301,2019.01.24,20900.0,0.0,20900.0,20900.0,20900.0,0.0,1301.0,1301.0,1297.0,1297.0,1297.0,1289.0
1302,2019.01.23,20900.0,0.0,20900.0,20900.0,20900.0,0.0,1302.0,1302.0,1298.0,1298.0,1298.0,1290.0
1303,2019.01.22,20900.0,0.0,20900.0,20900.0,20900.0,0.0,1303.0,1303.0,1299.0,1299.0,1299.0,1291.0
1304,2019.01.21,20900.0,0.0,20900.0,20900.0,20900.0,0.0,1304.0,1304.0,1300.0,1300.0,1300.0,1292.0
1305,2019.01.18,20900.0,0.0,20900.0,20900.0,20900.0,0.0,1305.0,1305.0,1301.0,1301.0,1301.0,1293.0
1306,2019.01.17,20900.0,0.0,20900.0,20900.0,20900.0,0.0,1306.0,1306.0,1302.0,1302.0,1302.0,1294.0
1307,2019.01.16,20900.0,0.0,20900.0,20900.0,20900.0,0.0,1307.0,1307.0,1303.0,1303.0,1303.0,1295.0
1308,2019.01.15,20900.0,0.0,20900.0,20900.0,20900.0,0.0,1308.0,1308.0,1304.0,1304.0,1304.0,1296.0
1309,2019.01.14,20900.0,0.0,20900.0,20900.0,20900.0,0.0,1309.0,1309.0,1305.0,1305.0,1305.0,1297.0
1310,2019.01.11,20900.0,0.0,20900.0,20900.0,20900.0,0.0,1310.0,1310.0,1306.0,1306.0,1306.0,1298.0
1311,2019.01.10,20900.0,0.0,20900.0,20900.0,20900.0,0.0,1311.0,1311.0,1307.0,1307.0,1307.0,1299.0
1312,2019.01.09,20900.0,0.0,20900.0,20900.0,20900.0,0.0,1312.0,1312.0,1308.0,1308.0,1308.0,1300.0
1313,2019.01.08,20900.0,0.0,20900.0,20900.0,20900.0,0.0,1313.0,1313.0,1309.0,1309.0,1309.0,1301.0
1314,2019.01.07,20900.0,0.0,20900.0,20900.0,20900.0,0.0,1314.0,1314.0,1310.0,1310.0,1310.0,1302.0
1315,2019.01.04,20900.0,0.0,20900.0,20900.0,20900.0,0.0,1315.0,1315.0,1311.0,1311.0,1311.0,1303.0
1316,2019.01.03,20900.0,0.0,20900.0,20900.0,20900.0,0.0,1316.0,1316.0,1312.0,1312.0,1312.0,1304.0
1317,2019.01.02,20900.0,0.0,20900.0,20900.0,20900.0,0.0,1317.0,1317.0,1313.0,1313.0,1313.0,1305.0
1318,2018.12.28,20900.0,0.0,20900.0,20900.0,20900.0,0.0,1318.0,1318.0,1314.0,1314.0,1314.0,1306.0
1319,2018.12.27,20900.0,0.0,20900.0,20900.0,20900.0,0.0,1319.0,1319.0,1315.0,1315.0,1315.0,1307.0
1320,2018.12.26,20900.0,0.0,20900.0,20900.0,20900.0,0.0,1320.0,1320.0,1316.0,1316.0,1316.0,1308.0
1321,2018.12.24,20900.0,0.0,20900.0,20900.0,20900.0,0.0,1321.0,1321.0,1317.0,1317.0,1317.0,1309.0
