,날짜,종가,전일비,시가,고가,저가,거래량,Unnamed: 0.5,Unnamed: 0.4,Unnamed: 0.3,Unnamed: 0.2,Unnamed: 0.1,Unnamed: 0
0,2024.05.07,2840.0,상승  15,2845.0,2905.0,2830.0,33420.0,0.0,0.0,,,,
1,2024.05.03,2825.0,하락  65,2890.0,2905.0,2820.0,35961.0,1.0,1.0,,,,
2,2024.05.02,2890.0,상승  25,2825.0,2915.0,2820.0,119138.0,2.0,2.0,,,,
3,2024.04.30,2865.0,상승  20,2845.0,2900.0,2840.0,37903.0,3.0,3.0,,,,
4,2024.04.29,2845.0,상승  60,2770.0,3035.0,2750.0,411677.0,4.0,4.0,0.0,0.0,0.0,
5,2024.04.26,2785.0,상승  35,2735.0,2785.0,2735.0,31180.0,5.0,5.0,1.0,1.0,1.0,
6,2024.04.25,2750.0,하락  10,2790.0,2810.0,2735.0,25800.0,6.0,6.0,2.0,2.0,2.0,
7,2024.04.24,2760.0,하락  5,2770.0,2805.0,2755.0,19085.0,7.0,7.0,3.0,3.0,3.0,
8,2024.04.23,2765.0,상승  5,2760.0,2810.0,2730.0,41193.0,8.0,8.0,4.0,4.0,4.0,
9,2024.04.22,2760.0,하락  20,2730.0,2830.0,2730.0,46809.0,9.0,9.0,5.0,5.0,5.0,
10,2024.04.19,2780.0,하락  35,2815.0,2815.0,2710.0,68513.0,10.0,10.0,6.0,6.0,6.0,
11,2024.04.18,2815.0,상승  25,2730.0,2845.0,2730.0,35499.0,11.0,11.0,7.0,7.0,7.0,
12,2024.04.17,2790.0,20.0,2725.0,2810.0,2685.0,38726.0,12.0,12.0,8.0,8.0,8.0,0.0
13,2024.04.16,2770.0,0.0,2730.0,2800.0,2650.0,45777.0,13.0,13.0,9.0,9.0,9.0,1.0
14,2024.04.15,2770.0,40.0,2645.0,2770.0,2645.0,53313.0,14.0,14.0,10.0,10.0,10.0,2.0
15,2024.04.12,2730.0,90.0,2795.0,2820.0,2725.0,98422.0,15.0,15.0,11.0,11.0,11.0,3.0
16,2024.04.11,2820.0,45.0,2825.0,2875.0,2755.0,96821.0,16.0,16.0,12.0,12.0,12.0,4.0
17,2024.04.09,2865.0,75.0,2740.0,3280.0,2700.0,2496542.0,17.0,17.0,13.0,13.0,13.0,5.0
18,2024.04.08,2790.0,10.0,2790.0,2790.0,2615.0,77574.0,18.0,18.0,14.0,14.0,14.0,6.0
19,2024.04.05,2800.0,90.0,2710.0,2980.0,2545.0,549463.0,19.0,19.0,15.0,15.0,15.0,7.0
20,2024.04.04,2710.0,45.0,2735.0,2760.0,2705.0,36350.0,20.0,20.0,16.0,16.0,16.0,8.0
21,2024.04.03,2755.0,35.0,2790.0,2795.0,2730.0,40953.0,21.0,21.0,17.0,17.0,17.0,9.0
22,2024.04.02,2790.0,35.0,2840.0,2840.0,2735.0,59435.0,22.0,22.0,18.0,18.0,18.0,10.0
23,2024.04.01,2825.0,70.0,2750.0,2860.0,2750.0,22351.0,23.0,23.0,19.0,19.0,19.0,11.0
24,2024.03.29,2755.0,20.0,2770.0,2850.0,2755.0,30689.0,24.0,24.0,20.0,20.0,20.0,12.0
25,2024.03.28,2775.0,40.0,2770.0,2820.0,2770.0,17383.0,25.0,25.0,21.0,21.0,21.0,13.0
26,2024.03.27,2815.0,35.0,2825.0,2885.0,2760.0,60893.0,26.0,26.0,22.0,22.0,22.0,14.0
27,2024.03.26,2850.0,15.0,2830.0,2920.0,2825.0,35340.0,27.0,27.0,23.0,23.0,23.0,15.0
28,2024.03.25,2865.0,5.0,2860.0,2920.0,2835.0,22351.0,28.0,28.0,24.0,24.0,24.0,16.0
29,2024.03.22,2860.0,20.0,2880.0,2890.0,2820.0,25246.0,29.0,29.0,25.0,25.0,25.0,17.0
30,2024.03.21,2880.0,0.0,2875.0,2910.0,2860.0,21480.0,30.0,30.0,26.0,26.0,26.0,18.0
31,2024.03.20,2880.0,15.0,2845.0,2895.0,2845.0,30213.0,31.0,31.0,27.0,27.0,27.0,19.0
32,2024.03.19,2895.0,45.0,2975.0,2975.0,2875.0,37945.0,32.0,32.0,28.0,28.0,28.0,20.0
33,2024.03.18,2940.0,100.0,2840.0,2940.0,2825.0,47261.0,33.0,33.0,29.0,29.0,29.0,21.0
34,2024.03.15,2840.0,20.0,2820.0,2840.0,2750.0,31770.0,34.0,34.0,30.0,30.0,30.0,22.0
35,2024.03.14,2820.0,10.0,2820.0,2835.0,2760.0,19166.0,35.0,35.0,31.0,31.0,31.0,23.0
36,2024.03.13,2830.0,95.0,2755.0,2840.0,2700.0,50049.0,36.0,36.0,32.0,32.0,32.0,24.0
37,2024.03.12,2735.0,25.0,2760.0,2795.0,2725.0,33934.0,37.0,37.0,33.0,33.0,33.0,25.0
38,2024.03.11,2760.0,80.0,2805.0,2865.0,2760.0,52360.0,38.0,38.0,34.0,34.0,34.0,26.0
39,2024.03.08,2840.0,105.0,2735.0,2885.0,2665.0,235856.0,39.0,39.0,35.0,35.0,35.0,27.0
40,2024.03.07,2735.0,40.0,2695.0,2770.0,2670.0,59432.0,40.0,40.0,36.0,36.0,36.0,28.0
41,2024.03.06,2695.0,35.0,2735.0,2790.0,2675.0,63540.0,41.0,41.0,37.0,37.0,37.0,29.0
42,2024.03.05,2730.0,80.0,2810.0,2830.0,2695.0,141361.0,42.0,42.0,38.0,38.0,38.0,30.0
43,2024.03.04,2810.0,45.0,2875.0,2875.0,2790.0,79086.0,43.0,43.0,39.0,39.0,39.0,31.0
44,2024.02.29,2855.0,30.0,2780.0,2955.0,2735.0,164580.0,44.0,44.0,40.0,40.0,40.0,32.0
45,2024.02.28,2825.0,140.0,2910.0,3005.0,2810.0,340205.0,45.0,45.0,41.0,41.0,41.0,33.0
46,2024.02.27,2965.0,160.0,2770.0,3600.0,2680.0,2544850.0,46.0,46.0,42.0,42.0,42.0,34.0
47,2024.02.26,2805.0,65.0,2830.0,2865.0,2720.0,29639.0,47.0,47.0,43.0,43.0,43.0,35.0
48,2024.02.23,2870.0,60.0,2765.0,2870.0,2670.0,102455.0,48.0,48.0,44.0,44.0,44.0,36.0
49,2024.02.22,2810.0,20.0,2830.0,2830.0,2695.0,63094.0,49.0,49.0,45.0,45.0,45.0,37.0
50,2024.02.21,2790.0,40.0,2750.0,2790.0,2685.0,21531.0,50.0,50.0,46.0,46.0,46.0,38.0
51,2024.02.20,2750.0,15.0,2735.0,2750.0,2710.0,14146.0,51.0,51.0,47.0,47.0,47.0,39.0
52,2024.02.19,2735.0,100.0,2820.0,2820.0,2695.0,55161.0,52.0,52.0,48.0,48.0,48.0,40.0
53,2024.02.16,2835.0,115.0,2710.0,2875.0,2640.0,116273.0,53.0,53.0,49.0,49.0,49.0,41.0
54,2024.02.15,2720.0,55.0,2810.0,2810.0,2715.0,42025.0,54.0,54.0,50.0,50.0,50.0,42.0
55,2024.02.14,2775.0,75.0,2765.0,2850.0,2755.0,100834.0,55.0,55.0,51.0,51.0,51.0,43.0
56,2024.02.13,2850.0,30.0,2975.0,2975.0,2835.0,32469.0,56.0,56.0,52.0,52.0,52.0,44.0
57,2024.02.08,2880.0,65.0,2945.0,2980.0,2875.0,29880.0,57.0,57.0,53.0,53.0,53.0,45.0
58,2024.02.07,2945.0,65.0,2840.0,2990.0,2830.0,17090.0,58.0,58.0,54.0,54.0,54.0,46.0
59,2024.02.06,2880.0,20.0,2900.0,3050.0,2805.0,47748.0,59.0,59.0,55.0,55.0,55.0,47.0
60,2024.02.05,2900.0,25.0,2860.0,2950.0,2830.0,13109.0,60.0,60.0,56.0,56.0,56.0,48.0
61,2024.02.02,2925.0,105.0,2825.0,2940.0,2765.0,24342.0,61.0,61.0,57.0,57.0,57.0,49.0
62,2024.02.01,2820.0,45.0,2890.0,2890.0,2810.0,25595.0,62.0,62.0,58.0,58.0,58.0,50.0
63,2024.01.31,2865.0,55.0,2905.0,2995.0,2830.0,28102.0,63.0,63.0,59.0,59.0,59.0,51.0
64,2024.01.30,2920.0,5.0,2870.0,3005.0,2870.0,38544.0,64.0,64.0,60.0,60.0,60.0,52.0
65,2024.01.29,2915.0,55.0,2980.0,3040.0,2905.0,39763.0,65.0,65.0,61.0,61.0,61.0,53.0
66,2024.01.26,2970.0,110.0,3080.0,3110.0,2905.0,58879.0,66.0,66.0,62.0,62.0,62.0,54.0
67,2024.01.25,3080.0,30.0,3150.0,3200.0,3050.0,24521.0,67.0,67.0,63.0,63.0,63.0,55.0
68,2024.01.24,3110.0,105.0,3215.0,3215.0,3110.0,44631.0,68.0,68.0,64.0,64.0,64.0,56.0
69,2024.01.23,3215.0,65.0,3125.0,3225.0,3120.0,35134.0,69.0,69.0,65.0,65.0,65.0,57.0
70,2024.01.22,3150.0,25.0,3155.0,3225.0,3100.0,31351.0,70.0,70.0,66.0,66.0,66.0,58.0
71,2024.01.19,3175.0,15.0,3080.0,3250.0,3080.0,16851.0,71.0,71.0,67.0,67.0,67.0,59.0
72,2024.01.18,3160.0,0.0,3165.0,3275.0,3150.0,15142.0,72.0,72.0,68.0,68.0,68.0,60.0
73,2024.01.17,3160.0,70.0,3210.0,3225.0,3155.0,45117.0,73.0,73.0,69.0,69.0,69.0,61.0
74,2024.01.16,3230.0,15.0,3210.0,3340.0,3170.0,115640.0,74.0,74.0,70.0,70.0,70.0,62.0
75,2024.01.15,3245.0,5.0,3230.0,3280.0,3200.0,25876.0,75.0,75.0,71.0,71.0,71.0,63.0
76,2024.01.12,3250.0,80.0,3300.0,3330.0,3205.0,37257.0,76.0,76.0,72.0,72.0,72.0,64.0
77,2024.01.11,3330.0,10.0,3320.0,3335.0,3285.0,37279.0,77.0,77.0,73.0,73.0,73.0,65.0
78,2024.01.10,3320.0,20.0,3375.0,3375.0,3300.0,47583.0,78.0,78.0,74.0,74.0,74.0,66.0
79,2024.01.09,3300.0,15.0,3300.0,3370.0,3265.0,91315.0,79.0,79.0,75.0,75.0,75.0,67.0
80,2024.01.08,3285.0,65.0,3385.0,3395.0,3270.0,42376.0,80.0,80.0,76.0,76.0,76.0,68.0
81,2024.01.05,3350.0,65.0,3265.0,3355.0,3235.0,108657.0,81.0,81.0,77.0,77.0,77.0,69.0
82,2024.01.04,3285.0,15.0,3240.0,3315.0,3220.0,64889.0,82.0,82.0,78.0,78.0,78.0,70.0
83,2024.01.03,3300.0,20.0,3225.0,3305.0,3160.0,81478.0,83.0,83.0,79.0,79.0,79.0,71.0
84,2024.01.02,3280.0,25.0,3210.0,3325.0,3180.0,97572.0,84.0,84.0,80.0,80.0,80.0,72.0
85,2023.12.28,3255.0,135.0,3140.0,3260.0,3010.0,265545.0,85.0,85.0,81.0,81.0,81.0,73.0
86,2023.12.27,3120.0,190.0,3255.0,3310.0,3075.0,483607.0,86.0,86.0,82.0,82.0,82.0,74.0
87,2023.12.26,3310.0,30.0,3595.0,4120.0,3285.0,6838016.0,87.0,87.0,83.0,83.0,83.0,75.0
88,2023.12.22,16700.0,0.0,0.0,0.0,0.0,0.0,88.0,88.0,84.0,84.0,84.0,76.0
89,2023.12.21,16700.0,0.0,0.0,0.0,0.0,0.0,89.0,89.0,85.0,85.0,85.0,77.0
90,2023.12.20,16700.0,0.0,0.0,0.0,0.0,0.0,90.0,90.0,86.0,86.0,86.0,78.0
91,2023.12.19,16700.0,0.0,0.0,0.0,0.0,0.0,91.0,91.0,87.0,87.0,87.0,79.0
92,2023.12.18,16700.0,0.0,0.0,0.0,0.0,0.0,92.0,92.0,88.0,88.0,88.0,80.0
93,2023.12.15,16700.0,0.0,0.0,0.0,0.0,0.0,93.0,93.0,89.0,89.0,89.0,81.0
94,2023.12.14,16700.0,0.0,0.0,0.0,0.0,0.0,94.0,94.0,90.0,90.0,90.0,82.0
95,2023.12.13,16700.0,0.0,0.0,0.0,0.0,0.0,95.0,95.0,91.0,91.0,91.0,83.0
96,2023.12.12,16700.0,0.0,0.0,0.0,0.0,0.0,96.0,96.0,92.0,92.0,92.0,84.0
97,2023.12.11,16700.0,0.0,0.0,0.0,0.0,0.0,97.0,97.0,93.0,93.0,93.0,85.0
98,2023.12.08,16700.0,0.0,0.0,0.0,0.0,0.0,98.0,98.0,94.0,94.0,94.0,86.0
99,2023.12.07,16700.0,0.0,0.0,0.0,0.0,0.0,99.0,99.0,95.0,95.0,95.0,87.0
100,2023.12.06,16700.0,380.0,16720.0,17270.0,16390.0,39836.0,100.0,100.0,96.0,96.0,96.0,88.0
101,2023.12.05,16320.0,400.0,16070.0,16400.0,15660.0,20570.0,101.0,101.0,97.0,97.0,97.0,89.0
102,2023.12.04,15920.0,400.0,16150.0,16410.0,15920.0,12481.0,102.0,102.0,98.0,98.0,98.0,90.0
103,2023.12.01,16320.0,0.0,16320.0,16320.0,15980.0,12295.0,103.0,103.0,99.0,99.0,99.0,91.0
104,2023.11.30,16320.0,40.0,16250.0,16530.0,16230.0,4819.0,104.0,104.0,100.0,100.0,100.0,92.0
105,2023.11.29,16280.0,190.0,16700.0,16700.0,16280.0,5104.0,105.0,105.0,101.0,101.0,101.0,93.0
106,2023.11.28,16470.0,180.0,16700.0,16700.0,16450.0,5557.0,106.0,106.0,102.0,102.0,102.0,94.0
107,2023.11.27,16650.0,160.0,16810.0,16810.0,16400.0,7974.0,107.0,107.0,103.0,103.0,103.0,95.0
108,2023.11.24,16810.0,10.0,16820.0,17100.0,16730.0,3069.0,108.0,108.0,104.0,104.0,104.0,96.0
109,2023.11.23,16820.0,170.0,17000.0,17000.0,16700.0,7517.0,109.0,109.0,105.0,105.0,105.0,97.0
110,2023.11.22,16990.0,60.0,16720.0,17200.0,16720.0,7443.0,110.0,110.0,106.0,106.0,106.0,98.0
111,2023.11.21,17050.0,250.0,16800.0,17100.0,16580.0,7260.0,111.0,111.0,107.0,107.0,107.0,99.0
112,2023.11.20,16800.0,610.0,16580.0,17080.0,16310.0,15648.0,112.0,112.0,108.0,108.0,108.0,100.0
113,2023.11.17,16190.0,140.0,16500.0,16500.0,16160.0,6140.0,113.0,113.0,109.0,109.0,109.0,101.0
114,2023.11.16,16330.0,170.0,16570.0,16570.0,16250.0,2822.0,114.0,114.0,110.0,110.0,110.0,102.0
115,2023.11.15,16500.0,360.0,16140.0,16540.0,15990.0,9551.0,115.0,115.0,111.0,111.0,111.0,103.0
116,2023.11.14,16140.0,260.0,16410.0,16430.0,16050.0,6103.0,116.0,116.0,112.0,112.0,112.0,104.0
117,2023.11.13,16400.0,220.0,16650.0,16770.0,16110.0,9275.0,117.0,117.0,113.0,113.0,113.0,105.0
118,2023.11.10,16620.0,40.0,16580.0,16700.0,16360.0,4197.0,118.0,118.0,114.0,114.0,114.0,106.0
119,2023.11.09,16580.0,70.0,16570.0,16810.0,16110.0,4948.0,119.0,119.0,115.0,115.0,115.0,107.0
120,2023.11.08,16650.0,160.0,16490.0,16820.0,16430.0,8338.0,120.0,120.0,116.0,116.0,116.0,108.0
121,2023.11.07,16490.0,230.0,16410.0,16900.0,16330.0,8177.0,121.0,121.0,117.0,117.0,117.0,109.0
122,2023.11.06,16720.0,60.0,17300.0,17300.0,16440.0,9402.0,122.0,122.0,118.0,118.0,118.0,110.0
123,2023.11.03,16660.0,80.0,16380.0,16770.0,16160.0,5385.0,123.0,123.0,119.0,119.0,119.0,111.0
124,2023.11.02,16580.0,410.0,16110.0,16700.0,16110.0,6544.0,124.0,124.0,120.0,120.0,120.0,112.0
125,2023.11.01,16170.0,100.0,16120.0,16390.0,16120.0,3868.0,125.0,125.0,121.0,121.0,121.0,113.0
126,2023.10.31,16070.0,650.0,16720.0,16910.0,16050.0,9690.0,126.0,126.0,122.0,122.0,122.0,114.0
127,2023.10.30,16720.0,700.0,16110.0,16790.0,16020.0,9912.0,127.0,127.0,123.0,123.0,123.0,115.0
128,2023.10.27,16020.0,190.0,16020.0,16500.0,16020.0,5137.0,128.0,128.0,124.0,124.0,124.0,116.0
129,2023.10.26,16210.0,390.0,16400.0,16400.0,16100.0,7038.0,129.0,129.0,125.0,125.0,125.0,117.0
130,2023.10.25,16600.0,350.0,17230.0,17230.0,16210.0,11625.0,130.0,130.0,126.0,126.0,126.0,118.0
131,2023.10.24,16950.0,710.0,16380.0,16980.0,16000.0,18443.0,131.0,131.0,127.0,127.0,127.0,119.0
132,2023.10.23,16240.0,70.0,16050.0,16500.0,15840.0,9179.0,132.0,132.0,128.0,128.0,128.0,120.0
133,2023.10.20,16310.0,250.0,16500.0,16570.0,16100.0,12537.0,133.0,133.0,129.0,129.0,129.0,121.0
134,2023.10.19,16560.0,610.0,16950.0,17150.0,16400.0,14503.0,134.0,134.0,130.0,130.0,130.0,122.0
135,2023.10.18,17170.0,160.0,17400.0,17440.0,16500.0,10617.0,135.0,135.0,131.0,131.0,131.0,123.0
136,2023.10.17,17330.0,20.0,17400.0,17400.0,17020.0,4393.0,136.0,136.0,132.0,132.0,132.0,124.0
137,2023.10.16,17350.0,100.0,17440.0,17440.0,16830.0,11687.0,137.0,137.0,133.0,133.0,133.0,125.0
138,2023.10.13,17450.0,340.0,17610.0,17990.0,16900.0,10649.0,138.0,138.0,134.0,134.0,134.0,126.0
139,2023.10.12,17790.0,70.0,17940.0,18040.0,17680.0,12129.0,139.0,139.0,135.0,135.0,135.0,127.0
140,2023.10.11,17860.0,220.0,18080.0,18290.0,17710.0,14512.0,140.0,140.0,136.0,136.0,136.0,128.0
141,2023.10.10,18080.0,30.0,18050.0,18260.0,17380.0,26759.0,141.0,141.0,137.0,137.0,137.0,129.0
142,2023.10.06,18050.0,1180.0,16510.0,18700.0,16510.0,127786.0,142.0,142.0,138.0,138.0,138.0,130.0
143,2023.10.05,16870.0,200.0,16900.0,18200.0,16500.0,92793.0,143.0,143.0,139.0,139.0,139.0,131.0
144,2023.10.04,17070.0,1130.0,17910.0,18000.0,16100.0,92024.0,144.0,144.0,140.0,140.0,140.0,132.0
145,2023.09.27,18200.0,2300.0,20750.0,21400.0,17760.0,517237.0,145.0,145.0,141.0,141.0,141.0,133.0
146,2023.09.26,20500.0,100.0,20950.0,20950.0,19450.0,126687.0,146.0,146.0,142.0,142.0,142.0,134.0
147,2023.09.25,20600.0,3180.0,17230.0,21300.0,17230.0,544806.0,147.0,147.0,143.0,143.0,143.0,135.0
148,2023.09.22,17420.0,10.0,17410.0,17750.0,16380.0,11306.0,148.0,148.0,144.0,144.0,144.0,136.0
149,2023.09.21,17410.0,680.0,17980.0,18130.0,17400.0,18055.0,149.0,149.0,145.0,145.0,145.0,137.0
150,2023.09.20,18090.0,310.0,18360.0,18360.0,17990.0,10472.0,150.0,150.0,146.0,146.0,146.0,138.0
151,2023.09.19,18400.0,0.0,18300.0,18940.0,18020.0,11126.0,151.0,151.0,147.0,147.0,147.0,139.0
152,2023.09.18,18400.0,70.0,18680.0,18680.0,18110.0,5444.0,152.0,152.0,148.0,148.0,148.0,140.0
153,2023.09.15,18470.0,300.0,18770.0,19300.0,18450.0,6791.0,153.0,153.0,149.0,149.0,149.0,141.0
154,2023.09.14,18770.0,510.0,18260.0,18800.0,18000.0,11449.0,154.0,154.0,150.0,150.0,150.0,142.0
155,2023.09.13,18260.0,420.0,18670.0,18670.0,18000.0,14033.0,155.0,155.0,151.0,151.0,151.0,143.0
156,2023.09.12,18680.0,570.0,19250.0,19250.0,18530.0,21431.0,156.0,156.0,152.0,152.0,152.0,144.0
157,2023.09.11,19250.0,170.0,19750.0,19950.0,18750.0,26546.0,157.0,157.0,153.0,153.0,153.0,145.0
158,2023.09.08,19420.0,730.0,18540.0,19550.0,18410.0,46336.0,158.0,158.0,154.0,154.0,154.0,146.0
159,2023.09.07,18690.0,720.0,19870.0,19870.0,18230.0,35961.0,159.0,159.0,155.0,155.0,155.0,147.0
160,2023.09.06,19410.0,1590.0,17820.0,19570.0,17710.0,97963.0,160.0,160.0,156.0,156.0,156.0,148.0
161,2023.09.05,17820.0,320.0,17690.0,17820.0,16980.0,14078.0,161.0,161.0,157.0,157.0,157.0,149.0
162,2023.09.04,17500.0,220.0,17600.0,17940.0,17320.0,4655.0,162.0,162.0,158.0,158.0,158.0,150.0
163,2023.09.01,17720.0,170.0,17890.0,18090.0,17310.0,11936.0,163.0,163.0,159.0,159.0,159.0,151.0
164,2023.08.31,17890.0,10.0,18000.0,18070.0,17480.0,7236.0,164.0,164.0,160.0,160.0,160.0,152.0
165,2023.08.30,17900.0,320.0,17590.0,18000.0,17430.0,9958.0,165.0,165.0,161.0,161.0,161.0,153.0
166,2023.08.29,17580.0,250.0,17320.0,17850.0,17160.0,9832.0,166.0,166.0,162.0,162.0,162.0,154.0
167,2023.08.28,17330.0,390.0,16940.0,17380.0,16440.0,14653.0,167.0,167.0,163.0,163.0,163.0,155.0
168,2023.08.25,16940.0,250.0,16750.0,17280.0,16630.0,6857.0,168.0,168.0,164.0,164.0,164.0,156.0
169,2023.08.24,17190.0,490.0,16700.0,17210.0,16530.0,5148.0,169.0,169.0,165.0,165.0,165.0,157.0
170,2023.08.23,16700.0,180.0,16900.0,17520.0,16540.0,6191.0,170.0,170.0,166.0,166.0,166.0,158.0
171,2023.08.22,16880.0,850.0,17730.0,17730.0,16790.0,17908.0,171.0,171.0,167.0,167.0,167.0,159.0
172,2023.08.21,17730.0,200.0,17980.0,17980.0,17410.0,4236.0,172.0,172.0,168.0,168.0,168.0,160.0
173,2023.08.18,17530.0,30.0,17410.0,17970.0,17110.0,11571.0,173.0,173.0,169.0,169.0,169.0,161.0
174,2023.08.17,17500.0,1190.0,18600.0,18600.0,17350.0,31830.0,174.0,174.0,170.0,170.0,170.0,162.0
175,2023.08.16,18690.0,90.0,18480.0,19490.0,18310.0,47102.0,175.0,175.0,171.0,171.0,171.0,163.0
176,2023.08.14,18600.0,80.0,18680.0,18680.0,18130.0,10919.0,176.0,176.0,172.0,172.0,172.0,164.0
177,2023.08.11,18680.0,240.0,18780.0,19190.0,18530.0,18135.0,177.0,177.0,173.0,173.0,173.0,165.0
178,2023.08.10,18920.0,220.0,18690.0,18950.0,18000.0,25591.0,178.0,178.0,174.0,174.0,174.0,166.0
179,2023.08.09,18700.0,410.0,18290.0,19240.0,18000.0,54633.0,179.0,179.0,175.0,175.0,175.0,167.0
180,2023.08.08,18290.0,180.0,18470.0,18900.0,18240.0,10219.0,180.0,180.0,176.0,176.0,176.0,168.0
181,2023.08.07,18470.0,170.0,18300.0,19240.0,18200.0,17104.0,181.0,181.0,177.0,177.0,177.0,169.0
182,2023.08.04,18300.0,260.0,18330.0,18550.0,18160.0,9574.0,182.0,182.0,178.0,178.0,178.0,170.0
183,2023.08.03,18560.0,450.0,18090.0,18600.0,17560.0,21187.0,183.0,183.0,179.0,179.0,179.0,171.0
184,2023.08.02,18110.0,480.0,18380.0,18600.0,17890.0,24054.0,184.0,184.0,180.0,180.0,180.0,172.0
185,2023.08.01,18590.0,200.0,18800.0,18920.0,18370.0,14304.0,185.0,185.0,181.0,181.0,181.0,173.0
186,2023.07.31,18390.0,1000.0,19420.0,19840.0,18350.0,41131.0,186.0,186.0,182.0,182.0,182.0,174.0
187,2023.07.28,19390.0,490.0,18900.0,19960.0,18900.0,39702.0,187.0,187.0,183.0,183.0,183.0,175.0
188,2023.07.27,18900.0,810.0,18170.0,19190.0,18160.0,31240.0,188.0,188.0,184.0,184.0,184.0,176.0
189,2023.07.26,18090.0,2210.0,19650.0,19990.0,17900.0,131203.0,189.0,189.0,185.0,185.0,185.0,177.0
190,2023.07.25,20300.0,1080.0,18890.0,20850.0,18800.0,108094.0,190.0,190.0,186.0,186.0,186.0,178.0
191,2023.07.24,19220.0,670.0,19700.0,19890.0,18890.0,69780.0,191.0,191.0,187.0,187.0,187.0,179.0
192,2023.07.21,19890.0,1960.0,21350.0,22350.0,19800.0,140787.0,192.0,192.0,188.0,188.0,188.0,180.0
193,2023.07.20,21850.0,150.0,22500.0,22500.0,21000.0,109825.0,193.0,193.0,189.0,189.0,189.0,181.0
194,2023.07.19,22000.0,1500.0,20300.0,22000.0,20300.0,175409.0,194.0,194.0,190.0,190.0,190.0,182.0
195,2023.07.18,20500.0,50.0,20600.0,20750.0,19510.0,132907.0,195.0,195.0,191.0,191.0,191.0,183.0
196,2023.07.17,20550.0,910.0,19650.0,20600.0,19010.0,161210.0,196.0,196.0,192.0,192.0,192.0,184.0
197,2023.07.14,19640.0,1140.0,18360.0,19700.0,18360.0,168208.0,197.0,197.0,193.0,193.0,193.0,185.0
198,2023.07.13,18500.0,310.0,17990.0,18740.0,17990.0,90814.0,198.0,198.0,194.0,194.0,194.0,186.0
199,2023.07.12,18190.0,210.0,18210.0,18290.0,17430.0,125930.0,199.0,199.0,195.0,195.0,195.0,187.0
200,2023.07.11,18400.0,500.0,18010.0,18820.0,17500.0,325788.0,200.0,200.0,196.0,196.0,196.0,188.0
201,2023.07.10,17900.0,840.0,17070.0,20600.0,16680.0,2229608.0,201.0,201.0,197.0,197.0,197.0,189.0
202,2023.07.07,17060.0,1160.0,15730.0,17530.0,15730.0,312843.0,202.0,202.0,198.0,198.0,198.0,190.0
203,2023.07.06,15900.0,250.0,15580.0,16140.0,15330.0,66430.0,203.0,203.0,199.0,199.0,199.0,191.0
204,2023.07.05,15650.0,150.0,15590.0,15940.0,15080.0,119853.0,204.0,204.0,200.0,200.0,200.0,192.0
205,2023.07.04,15500.0,1450.0,14270.0,15500.0,13990.0,114028.0,205.0,205.0,201.0,201.0,201.0,193.0
206,2023.07.03,14050.0,130.0,13780.0,14170.0,13760.0,30273.0,206.0,206.0,202.0,202.0,202.0,194.0
207,2023.06.30,13920.0,30.0,13930.0,13950.0,13600.0,11210.0,207.0,207.0,203.0,203.0,203.0,195.0
208,2023.06.29,13950.0,280.0,14320.0,14320.0,13780.0,18130.0,208.0,208.0,204.0,204.0,204.0,196.0
209,2023.06.28,14230.0,50.0,14160.0,14650.0,14050.0,16882.0,209.0,209.0,205.0,205.0,205.0,197.0
210,2023.06.27,14180.0,180.0,14090.0,14340.0,13950.0,18229.0,210.0,210.0,206.0,206.0,206.0,198.0
211,2023.06.26,14000.0,700.0,14700.0,14700.0,14000.0,31738.0,211.0,211.0,207.0,207.0,207.0,199.0
212,2023.06.23,14700.0,10.0,14730.0,15010.0,14400.0,21017.0,212.0,212.0,208.0,208.0,208.0,200.0
213,2023.06.22,14690.0,480.0,15000.0,15110.0,14400.0,43794.0,213.0,213.0,209.0,209.0,209.0,201.0
214,2023.06.21,15170.0,120.0,15290.0,15420.0,14860.0,63577.0,214.0,214.0,210.0,210.0,210.0,202.0
215,2023.06.20,15290.0,890.0,14400.0,15660.0,14130.0,216138.0,215.0,215.0,211.0,211.0,211.0,203.0
216,2023.06.19,14400.0,400.0,13900.0,14510.0,13810.0,63349.0,216.0,216.0,212.0,212.0,212.0,204.0
217,2023.06.16,14000.0,450.0,13510.0,14220.0,13500.0,38425.0,217.0,217.0,213.0,213.0,213.0,205.0
218,2023.06.15,13550.0,300.0,13770.0,13840.0,13550.0,13761.0,218.0,218.0,214.0,214.0,214.0,206.0
219,2023.06.14,13850.0,50.0,13820.0,14260.0,13720.0,35400.0,219.0,219.0,215.0,215.0,215.0,207.0
220,2023.06.13,13900.0,250.0,14300.0,14330.0,13750.0,38065.0,220.0,220.0,216.0,216.0,216.0,208.0
221,2023.06.12,14150.0,220.0,13930.0,14760.0,13900.0,113478.0,221.0,221.0,217.0,217.0,217.0,209.0
222,2023.06.09,13930.0,730.0,13120.0,13990.0,13030.0,66897.0,222.0,222.0,218.0,218.0,218.0,210.0
223,2023.06.08,13200.0,30.0,13240.0,13270.0,12890.0,19102.0,223.0,223.0,219.0,219.0,219.0,211.0
224,2023.06.07,13230.0,720.0,12450.0,13240.0,12450.0,50196.0,224.0,224.0,220.0,220.0,220.0,212.0
225,2023.06.05,12510.0,240.0,12750.0,12770.0,12460.0,9790.0,225.0,225.0,221.0,221.0,221.0,213.0
226,2023.06.02,12750.0,170.0,12580.0,12760.0,12340.0,15182.0,226.0,226.0,222.0,222.0,222.0,214.0
227,2023.06.01,12580.0,30.0,12590.0,12640.0,12240.0,10878.0,227.0,227.0,223.0,223.0,223.0,215.0
228,2023.05.31,12610.0,140.0,12740.0,12740.0,12310.0,12678.0,228.0,228.0,224.0,224.0,224.0,216.0
229,2023.05.30,12750.0,370.0,12400.0,12800.0,12210.0,28312.0,229.0,229.0,225.0,225.0,225.0,217.0
230,2023.05.26,12380.0,440.0,11940.0,12530.0,11860.0,42710.0,230.0,230.0,226.0,226.0,226.0,218.0
231,2023.05.25,11940.0,20.0,11890.0,12000.0,11870.0,9878.0,231.0,231.0,227.0,227.0,227.0,219.0
232,2023.05.24,11920.0,230.0,12150.0,12180.0,11900.0,13719.0,232.0,232.0,228.0,228.0,228.0,220.0
233,2023.05.23,12150.0,30.0,12120.0,12250.0,12070.0,5995.0,233.0,233.0,229.0,229.0,229.0,221.0
234,2023.05.22,12180.0,130.0,11960.0,12180.0,11950.0,16102.0,234.0,234.0,230.0,230.0,230.0,222.0
235,2023.05.19,12050.0,20.0,11980.0,12200.0,11920.0,12007.0,235.0,235.0,231.0,231.0,231.0,223.0
236,2023.05.18,12030.0,30.0,12060.0,12150.0,11960.0,7369.0,236.0,236.0,232.0,232.0,232.0,224.0
237,2023.05.17,12000.0,230.0,11790.0,12050.0,11600.0,5184.0,237.0,237.0,233.0,233.0,233.0,225.0
238,2023.05.16,11770.0,100.0,11830.0,11950.0,11700.0,12143.0,238.0,238.0,234.0,234.0,234.0,226.0
239,2023.05.15,11870.0,380.0,12250.0,12250.0,11710.0,28038.0,239.0,239.0,235.0,235.0,235.0,227.0
240,2023.05.12,12250.0,140.0,12220.0,12360.0,12150.0,11648.0,240.0,240.0,236.0,236.0,236.0,228.0
241,2023.05.11,12390.0,120.0,12380.0,12480.0,12260.0,8167.0,241.0,241.0,237.0,237.0,237.0,229.0
242,2023.05.10,12270.0,210.0,12500.0,12660.0,12260.0,15370.0,242.0,242.0,238.0,238.0,238.0,230.0
243,2023.05.09,12480.0,360.0,12760.0,12840.0,12450.0,17577.0,243.0,243.0,239.0,239.0,239.0,231.0
244,2023.05.08,12840.0,100.0,12800.0,12970.0,12790.0,11020.0,244.0,244.0,240.0,240.0,240.0,232.0
245,2023.05.04,12740.0,40.0,12690.0,12780.0,12390.0,17565.0,245.0,245.0,241.0,241.0,241.0,233.0
246,2023.05.03,12700.0,100.0,12670.0,12740.0,12620.0,5033.0,246.0,246.0,242.0,242.0,242.0,234.0
247,2023.05.02,12800.0,280.0,12690.0,12810.0,12180.0,9801.0,247.0,247.0,243.0,243.0,243.0,235.0
248,2023.04.28,12520.0,210.0,12800.0,12850.0,12500.0,18294.0,248.0,248.0,244.0,244.0,244.0,236.0
249,2023.04.27,12730.0,70.0,12890.0,12890.0,12000.0,9962.0,249.0,249.0,245.0,245.0,245.0,237.0
250,2023.04.26,12800.0,50.0,12600.0,12980.0,12600.0,11565.0,250.0,250.0,246.0,246.0,246.0,238.0
251,2023.04.25,12750.0,470.0,13190.0,13190.0,12710.0,17119.0,251.0,251.0,247.0,247.0,247.0,239.0
252,2023.04.24,13220.0,160.0,13300.0,13370.0,13020.0,16214.0,252.0,252.0,248.0,248.0,248.0,240.0
253,2023.04.21,13380.0,20.0,13400.0,13400.0,13100.0,19391.0,253.0,253.0,249.0,249.0,249.0,241.0
254,2023.04.20,13400.0,490.0,13770.0,13850.0,13300.0,28454.0,254.0,254.0,250.0,250.0,250.0,242.0
255,2023.04.19,13890.0,100.0,13990.0,13990.0,13790.0,22761.0,255.0,255.0,251.0,251.0,251.0,243.0
256,2023.04.18,13990.0,40.0,14030.0,14250.0,13860.0,36739.0,256.0,256.0,252.0,252.0,252.0,244.0
257,2023.04.17,14030.0,480.0,14660.0,14680.0,13910.0,47536.0,257.0,257.0,253.0,253.0,253.0,245.0
258,2023.04.14,14510.0,890.0,13760.0,15130.0,13660.0,229347.0,258.0,258.0,254.0,254.0,254.0,246.0
259,2023.04.13,13620.0,80.0,13570.0,13630.0,13210.0,12203.0,259.0,259.0,255.0,255.0,255.0,247.0
260,2023.04.12,13540.0,140.0,13370.0,13550.0,13050.0,13190.0,260.0,260.0,256.0,256.0,256.0,248.0
261,2023.04.11,13400.0,230.0,13020.0,13480.0,13020.0,18405.0,261.0,261.0,257.0,257.0,257.0,249.0
262,2023.04.10,13170.0,270.0,13470.0,13470.0,13050.0,23384.0,262.0,262.0,258.0,258.0,258.0,250.0
263,2023.04.07,13440.0,150.0,13590.0,13700.0,13360.0,22633.0,263.0,263.0,259.0,259.0,259.0,251.0
264,2023.04.06,13590.0,360.0,13920.0,13920.0,13510.0,18952.0,264.0,264.0,260.0,260.0,260.0,252.0
265,2023.04.05,13950.0,260.0,13690.0,14110.0,13490.0,44127.0,265.0,265.0,261.0,261.0,261.0,253.0
266,2023.04.04,13690.0,510.0,13090.0,13770.0,13090.0,49752.0,266.0,266.0,262.0,262.0,262.0,254.0
267,2023.04.03,13180.0,240.0,12940.0,13200.0,12870.0,16613.0,267.0,267.0,263.0,263.0,263.0,255.0
268,2023.03.31,12940.0,150.0,13010.0,13180.0,12850.0,14161.0,268.0,268.0,264.0,264.0,264.0,256.0
269,2023.03.30,13090.0,310.0,12770.0,13340.0,12710.0,25275.0,269.0,269.0,265.0,265.0,265.0,257.0
270,2023.03.29,12780.0,50.0,12750.0,12890.0,12590.0,12136.0,270.0,270.0,266.0,266.0,266.0,258.0
271,2023.03.28,12830.0,280.0,12370.0,12860.0,12370.0,8786.0,271.0,271.0,267.0,267.0,267.0,259.0
272,2023.03.27,12550.0,40.0,12760.0,12760.0,12200.0,7944.0,272.0,272.0,268.0,268.0,268.0,260.0
273,2023.03.24,12590.0,220.0,12330.0,12650.0,12330.0,11689.0,273.0,273.0,269.0,269.0,269.0,261.0
274,2023.03.23,12370.0,450.0,12460.0,12600.0,12310.0,27787.0,274.0,274.0,270.0,270.0,270.0,262.0
275,2023.03.22,12820.0,60.0,12870.0,12990.0,12660.0,18777.0,275.0,275.0,271.0,271.0,271.0,263.0
276,2023.03.21,12880.0,90.0,12970.0,13010.0,12580.0,17672.0,276.0,276.0,272.0,272.0,272.0,264.0
277,2023.03.20,12970.0,200.0,12710.0,13210.0,12680.0,14795.0,277.0,277.0,273.0,273.0,273.0,265.0
278,2023.03.17,12770.0,530.0,12350.0,12770.0,12290.0,13912.0,278.0,278.0,274.0,274.0,274.0,266.0
279,2023.03.16,12240.0,260.0,12500.0,12500.0,11720.0,18599.0,279.0,279.0,275.0,275.0,275.0,267.0
280,2023.03.15,12500.0,310.0,12370.0,12600.0,12370.0,18107.0,280.0,280.0,276.0,276.0,276.0,268.0
281,2023.03.14,12190.0,910.0,12890.0,12940.0,12190.0,45223.0,281.0,281.0,277.0,277.0,277.0,269.0
282,2023.03.13,13100.0,290.0,13150.0,13390.0,12660.0,32903.0,282.0,282.0,278.0,278.0,278.0,270.0
283,2023.03.10,13390.0,530.0,13870.0,13870.0,13250.0,40411.0,283.0,283.0,279.0,279.0,279.0,271.0
284,2023.03.09,13920.0,60.0,13960.0,14030.0,13650.0,19926.0,284.0,284.0,280.0,280.0,280.0,272.0
285,2023.03.08,13980.0,20.0,13950.0,14050.0,13700.0,18043.0,285.0,285.0,281.0,281.0,281.0,273.0
286,2023.03.07,13960.0,40.0,14000.0,14080.0,13310.0,23701.0,286.0,286.0,282.0,282.0,282.0,274.0
287,2023.03.06,14000.0,250.0,14250.0,14350.0,13940.0,19684.0,287.0,287.0,283.0,283.0,283.0,275.0
288,2023.03.03,14250.0,70.0,14480.0,14490.0,14190.0,17809.0,288.0,288.0,284.0,284.0,284.0,276.0
289,2023.03.02,14320.0,280.0,14210.0,14360.0,14000.0,28914.0,289.0,289.0,285.0,285.0,285.0,277.0
290,2023.02.28,14040.0,450.0,13530.0,14080.0,13530.0,25198.0,290.0,290.0,286.0,286.0,286.0,278.0
291,2023.02.27,13590.0,10.0,13600.0,13600.0,13050.0,25459.0,291.0,291.0,287.0,287.0,287.0,279.0
292,2023.02.24,13600.0,360.0,13960.0,14000.0,13320.0,49740.0,292.0,292.0,288.0,288.0,288.0,280.0
293,2023.02.23,13960.0,150.0,14010.0,14180.0,13870.0,20633.0,293.0,293.0,289.0,289.0,289.0,281.0
294,2023.02.22,14110.0,250.0,14130.0,14200.0,13830.0,37068.0,294.0,294.0,290.0,290.0,290.0,282.0
295,2023.02.21,14360.0,340.0,14700.0,14710.0,14220.0,37980.0,295.0,295.0,291.0,291.0,291.0,283.0
296,2023.02.20,14700.0,110.0,14540.0,14800.0,14380.0,20238.0,296.0,296.0,292.0,292.0,292.0,284.0
297,2023.02.17,14590.0,210.0,14720.0,14720.0,14450.0,33016.0,297.0,297.0,293.0,293.0,293.0,285.0
298,2023.02.16,14800.0,830.0,14050.0,14840.0,14050.0,74931.0,298.0,298.0,294.0,294.0,294.0,286.0
299,2023.02.15,13970.0,670.0,14700.0,14700.0,13730.0,63848.0,299.0,299.0,295.0,295.0,295.0,287.0
300,2023.02.14,14640.0,420.0,14230.0,14690.0,14230.0,47686.0,300.0,300.0,296.0,296.0,296.0,288.0
301,2023.02.13,14220.0,330.0,14550.0,14700.0,14100.0,42225.0,301.0,301.0,297.0,297.0,297.0,289.0
302,2023.02.10,14550.0,310.0,14830.0,14860.0,14260.0,43360.0,302.0,302.0,298.0,298.0,298.0,290.0
303,2023.02.09,14860.0,690.0,15420.0,15450.0,14820.0,99305.0,303.0,303.0,299.0,299.0,299.0,291.0
304,2023.02.08,15550.0,50.0,15600.0,15600.0,15330.0,32042.0,304.0,304.0,300.0,300.0,300.0,292.0
305,2023.02.07,15500.0,90.0,15540.0,15800.0,15200.0,73040.0,305.0,305.0,301.0,301.0,301.0,293.0
306,2023.02.06,15410.0,280.0,15000.0,15740.0,14630.0,98379.0,306.0,306.0,302.0,302.0,302.0,294.0
307,2023.02.03,15130.0,450.0,14600.0,15150.0,14500.0,66408.0,307.0,307.0,303.0,303.0,303.0,295.0
308,2023.02.02,14680.0,330.0,14570.0,14700.0,14320.0,44717.0,308.0,308.0,304.0,304.0,304.0,296.0
309,2023.02.01,14350.0,310.0,14260.0,14900.0,14190.0,144285.0,309.0,309.0,305.0,305.0,305.0,297.0
310,2023.01.31,14040.0,10.0,13850.0,14160.0,13700.0,38437.0,310.0,310.0,306.0,306.0,306.0,298.0
311,2023.01.30,14030.0,120.0,14310.0,14460.0,13610.0,88081.0,311.0,311.0,307.0,307.0,307.0,299.0
312,2023.01.27,14150.0,780.0,13350.0,14150.0,13310.0,106683.0,312.0,312.0,308.0,308.0,308.0,300.0
313,2023.01.26,13370.0,150.0,13220.0,13600.0,13100.0,38486.0,313.0,313.0,309.0,309.0,309.0,301.0
314,2023.01.25,13220.0,180.0,13410.0,13490.0,13140.0,32015.0,314.0,314.0,310.0,310.0,310.0,302.0
315,2023.01.20,13400.0,350.0,13150.0,13500.0,13050.0,37582.0,315.0,315.0,311.0,311.0,311.0,303.0
316,2023.01.19,13050.0,150.0,13050.0,13150.0,12850.0,37816.0,316.0,316.0,312.0,312.0,312.0,304.0
317,2023.01.18,13200.0,100.0,13400.0,13400.0,13100.0,30945.0,317.0,317.0,313.0,313.0,313.0,305.0
318,2023.01.17,13300.0,400.0,13650.0,13800.0,13250.0,32373.0,318.0,318.0,314.0,314.0,314.0,306.0
319,2023.01.16,13700.0,450.0,13300.0,13850.0,13150.0,87183.0,319.0,319.0,315.0,315.0,315.0,307.0
320,2023.01.13,13250.0,0.0,13350.0,13400.0,13100.0,19312.0,320.0,320.0,316.0,316.0,316.0,308.0
321,2023.01.12,13250.0,150.0,13400.0,13450.0,13200.0,37041.0,321.0,321.0,317.0,317.0,317.0,309.0
322,2023.01.11,13400.0,400.0,13050.0,13400.0,13050.0,69992.0,322.0,322.0,318.0,318.0,318.0,310.0
323,2023.01.10,13000.0,200.0,13050.0,13250.0,12900.0,30255.0,323.0,323.0,319.0,319.0,319.0,311.0
324,2023.01.09,13200.0,250.0,13150.0,13350.0,13050.0,54837.0,324.0,324.0,320.0,320.0,320.0,312.0
325,2023.01.06,12950.0,500.0,12450.0,13050.0,12300.0,43497.0,325.0,325.0,321.0,321.0,321.0,313.0
326,2023.01.05,12450.0,100.0,12600.0,12650.0,12350.0,22453.0,326.0,326.0,322.0,322.0,322.0,314.0
327,2023.01.04,12550.0,300.0,12050.0,12550.0,12050.0,18468.0,327.0,327.0,323.0,323.0,323.0,315.0
328,2023.01.03,12250.0,100.0,12500.0,12550.0,11850.0,57028.0,328.0,328.0,324.0,324.0,324.0,316.0
329,2023.01.02,12350.0,0.0,12400.0,12600.0,12000.0,33930.0,329.0,329.0,325.0,325.0,325.0,317.0
330,2022.12.29,12350.0,700.0,12950.0,13150.0,12300.0,93007.0,330.0,330.0,326.0,326.0,326.0,318.0
331,2022.12.28,13050.0,150.0,13000.0,13300.0,12800.0,46703.0,331.0,331.0,327.0,327.0,327.0,319.0
332,2022.12.27,12900.0,250.0,12700.0,13050.0,12700.0,52637.0,332.0,332.0,328.0,328.0,328.0,320.0
333,2022.12.26,12650.0,200.0,12850.0,13000.0,12400.0,71093.0,333.0,333.0,329.0,329.0,329.0,321.0
334,2022.12.23,12850.0,500.0,13250.0,13700.0,12850.0,92654.0,334.0,334.0,330.0,330.0,330.0,322.0
335,2022.12.22,13350.0,550.0,14000.0,14000.0,13350.0,114859.0,335.0,335.0,331.0,331.0,331.0,323.0
336,2022.12.21,13900.0,400.0,13650.0,13950.0,13300.0,295965.0,336.0,336.0,332.0,332.0,332.0,324.0
337,2022.12.20,13500.0,500.0,12950.0,15900.0,12600.0,1914437.0,337.0,337.0,333.0,333.0,333.0,325.0
338,2022.12.19,13000.0,150.0,12800.0,13100.0,12700.0,38646.0,338.0,338.0,334.0,334.0,334.0,326.0
339,2022.12.16,12850.0,250.0,12350.0,13100.0,12300.0,64896.0,339.0,339.0,335.0,335.0,335.0,327.0
340,2022.12.15,12600.0,0.0,12750.0,13050.0,12550.0,46184.0,340.0,340.0,336.0,336.0,336.0,328.0
341,2022.12.14,12600.0,200.0,12300.0,12650.0,12300.0,29449.0,341.0,341.0,337.0,337.0,337.0,329.0
342,2022.12.13,12400.0,50.0,12400.0,12550.0,12300.0,21031.0,342.0,342.0,338.0,338.0,338.0,330.0
343,2022.12.12,12450.0,50.0,12550.0,12650.0,12250.0,25373.0,343.0,343.0,339.0,339.0,339.0,331.0
344,2022.12.09,12500.0,350.0,12000.0,12500.0,11950.0,35483.0,344.0,344.0,340.0,340.0,340.0,332.0
345,2022.12.08,12150.0,150.0,12150.0,12300.0,11800.0,21347.0,345.0,345.0,341.0,341.0,341.0,333.0
346,2022.12.07,12300.0,100.0,12150.0,12350.0,11950.0,24002.0,346.0,346.0,342.0,342.0,342.0,334.0
347,2022.12.06,12400.0,0.0,12200.0,12450.0,12150.0,23801.0,347.0,347.0,343.0,343.0,343.0,335.0
348,2022.12.05,12400.0,150.0,12250.0,12600.0,12200.0,27658.0,348.0,348.0,344.0,344.0,344.0,336.0
349,2022.12.02,12250.0,50.0,12200.0,12550.0,12100.0,24188.0,349.0,349.0,345.0,345.0,345.0,337.0
350,2022.12.01,12300.0,200.0,12250.0,12350.0,12100.0,29446.0,350.0,350.0,346.0,346.0,346.0,338.0
351,2022.11.30,12100.0,0.0,12150.0,12150.0,11850.0,18362.0,351.0,351.0,347.0,347.0,347.0,339.0
352,2022.11.29,12100.0,200.0,11850.0,12150.0,11700.0,29719.0,352.0,352.0,348.0,348.0,348.0,340.0
353,2022.11.28,11900.0,300.0,12250.0,13850.0,11750.0,333125.0,353.0,353.0,349.0,349.0,349.0,341.0
354,2022.11.25,12200.0,100.0,12350.0,12450.0,12200.0,17212.0,354.0,354.0,350.0,350.0,350.0,342.0
355,2022.11.24,12300.0,400.0,11950.0,12300.0,11900.0,33308.0,355.0,355.0,351.0,351.0,351.0,343.0
356,2022.11.23,11900.0,150.0,11750.0,11950.0,11700.0,25857.0,356.0,356.0,352.0,352.0,352.0,344.0
357,2022.11.22,11750.0,100.0,11700.0,11850.0,11600.0,13137.0,357.0,357.0,353.0,353.0,353.0,345.0
358,2022.11.21,11850.0,400.0,12250.0,12250.0,11700.0,30780.0,358.0,358.0,354.0,354.0,354.0,346.0
359,2022.11.18,12250.0,100.0,12300.0,12400.0,12250.0,16966.0,359.0,359.0,355.0,355.0,355.0,347.0
360,2022.11.17,12350.0,0.0,12350.0,12400.0,12150.0,20424.0,360.0,360.0,356.0,356.0,356.0,348.0
361,2022.11.16,12350.0,300.0,12700.0,12700.0,12350.0,39049.0,361.0,361.0,357.0,357.0,357.0,349.0
362,2022.11.15,12650.0,350.0,12450.0,12650.0,12250.0,57992.0,362.0,362.0,358.0,358.0,358.0,350.0
363,2022.11.14,12300.0,250.0,12150.0,12500.0,12150.0,77580.0,363.0,363.0,359.0,359.0,359.0,351.0
364,2022.11.11,12050.0,300.0,12150.0,12250.0,11900.0,47375.0,364.0,364.0,360.0,360.0,360.0,352.0
365,2022.11.10,11750.0,150.0,11750.0,11900.0,11650.0,35429.0,365.0,365.0,361.0,361.0,361.0,353.0
366,2022.11.09,11900.0,100.0,12100.0,12450.0,11800.0,68733.0,366.0,366.0,362.0,362.0,362.0,354.0
367,2022.11.08,12000.0,200.0,11850.0,12200.0,11850.0,47692.0,367.0,367.0,363.0,363.0,363.0,355.0
368,2022.11.07,11800.0,50.0,12050.0,12050.0,11700.0,34052.0,368.0,368.0,364.0,364.0,364.0,356.0
369,2022.11.04,11850.0,150.0,12000.0,12050.0,11450.0,47810.0,369.0,369.0,365.0,365.0,365.0,357.0
370,2022.11.03,12000.0,50.0,11500.0,12200.0,11500.0,39525.0,370.0,370.0,366.0,366.0,366.0,358.0
371,2022.11.02,11950.0,100.0,11950.0,12200.0,11400.0,57844.0,371.0,371.0,367.0,367.0,367.0,359.0
372,2022.11.01,12050.0,450.0,12850.0,12900.0,11750.0,165628.0,372.0,372.0,368.0,368.0,368.0,360.0
373,2022.10.31,12500.0,300.0,12350.0,12550.0,12000.0,117596.0,373.0,373.0,369.0,369.0,369.0,361.0
374,2022.10.28,12200.0,550.0,12950.0,14000.0,11850.0,529901.0,374.0,374.0,370.0,370.0,370.0,362.0
375,2022.10.27,12750.0,2000.0,10950.0,13950.0,10750.0,1421491.0,375.0,375.0,371.0,371.0,371.0,363.0
376,2022.10.26,10750.0,300.0,11150.0,11150.0,10750.0,14610.0,376.0,376.0,372.0,372.0,372.0,364.0
377,2022.10.25,11050.0,50.0,11250.0,11300.0,10900.0,24099.0,377.0,377.0,373.0,373.0,373.0,365.0
378,2022.10.24,11100.0,150.0,11050.0,11250.0,10950.0,19756.0,378.0,378.0,374.0,374.0,374.0,366.0
379,2022.10.21,10950.0,200.0,10850.0,11200.0,10850.0,16523.0,379.0,379.0,375.0,375.0,375.0,367.0
380,2022.10.20,11150.0,200.0,11250.0,12350.0,11000.0,96004.0,380.0,380.0,376.0,376.0,376.0,368.0
381,2022.10.19,11350.0,250.0,11600.0,11700.0,11350.0,14815.0,381.0,381.0,377.0,377.0,377.0,369.0
382,2022.10.18,11600.0,450.0,11250.0,11650.0,11200.0,20430.0,382.0,382.0,378.0,378.0,378.0,370.0
383,2022.10.17,11150.0,150.0,10750.0,11150.0,10600.0,12936.0,383.0,383.0,379.0,379.0,379.0,371.0
384,2022.10.14,11000.0,600.0,10600.0,11100.0,10550.0,24655.0,384.0,384.0,380.0,380.0,380.0,372.0
385,2022.10.13,10400.0,1050.0,11200.0,11300.0,10150.0,78146.0,385.0,385.0,381.0,381.0,381.0,373.0
386,2022.10.12,11450.0,50.0,11250.0,11550.0,11000.0,26408.0,386.0,386.0,382.0,382.0,382.0,374.0
387,2022.10.11,11400.0,850.0,12250.0,12250.0,11100.0,56161.0,387.0,387.0,383.0,383.0,383.0,375.0
388,2022.10.07,12250.0,150.0,12300.0,12400.0,12100.0,25711.0,388.0,388.0,384.0,384.0,384.0,376.0
389,2022.10.06,12400.0,550.0,11850.0,12450.0,11800.0,38238.0,389.0,389.0,385.0,385.0,385.0,377.0
390,2022.10.05,11850.0,250.0,12250.0,12350.0,11550.0,31182.0,390.0,390.0,386.0,386.0,386.0,378.0
391,2022.10.04,12100.0,350.0,11800.0,12150.0,11800.0,26022.0,391.0,391.0,387.0,387.0,387.0,379.0
392,2022.09.30,11750.0,50.0,11450.0,11800.0,11300.0,37949.0,392.0,392.0,388.0,388.0,388.0,380.0
393,2022.09.29,11700.0,50.0,11950.0,12250.0,11600.0,32981.0,393.0,393.0,389.0,389.0,389.0,381.0
394,2022.09.28,11750.0,350.0,11900.0,12550.0,11350.0,63053.0,394.0,394.0,390.0,390.0,390.0,382.0
395,2022.09.27,12100.0,250.0,12250.0,12650.0,11650.0,88823.0,395.0,395.0,391.0,391.0,391.0,383.0
396,2022.09.26,12350.0,800.0,12900.0,13100.0,12050.0,81251.0,396.0,396.0,392.0,392.0,392.0,384.0
397,2022.09.23,13150.0,1000.0,14000.0,14100.0,13150.0,86311.0,397.0,397.0,393.0,393.0,393.0,385.0
398,2022.09.22,14150.0,250.0,14000.0,14350.0,13450.0,58649.0,398.0,398.0,394.0,394.0,394.0,386.0
399,2022.09.21,14400.0,0.0,14500.0,14550.0,13950.0,53247.0,399.0,399.0,395.0,395.0,395.0,387.0
400,2022.09.20,14400.0,450.0,14250.0,14700.0,14250.0,62418.0,400.0,400.0,396.0,396.0,396.0,388.0
401,2022.09.19,13950.0,1050.0,14850.0,15150.0,13950.0,109031.0,401.0,401.0,397.0,397.0,397.0,389.0
402,2022.09.16,15000.0,300.0,15250.0,15550.0,14800.0,77688.0,402.0,402.0,398.0,398.0,398.0,390.0
403,2022.09.15,15300.0,550.0,15950.0,16150.0,15150.0,92775.0,403.0,403.0,399.0,399.0,399.0,391.0
404,2022.09.14,15850.0,400.0,15500.0,15950.0,15250.0,100675.0,404.0,404.0,400.0,400.0,400.0,392.0
405,2022.09.13,16250.0,1050.0,15300.0,16250.0,15250.0,165529.0,405.0,405.0,401.0,401.0,401.0,393.0
406,2022.09.08,15200.0,400.0,15850.0,15850.0,15050.0,146363.0,406.0,406.0,402.0,402.0,402.0,394.0
407,2022.09.07,15600.0,1600.0,16900.0,17100.0,15400.0,302826.0,407.0,407.0,403.0,403.0,403.0,395.0
408,2022.09.06,17200.0,300.0,17100.0,17700.0,17100.0,239496.0,408.0,408.0,404.0,404.0,404.0,396.0
409,2022.09.05,17500.0,500.0,16750.0,18150.0,16250.0,676718.0,409.0,409.0,405.0,405.0,405.0,397.0
410,2022.09.02,17000.0,100.0,16900.0,18550.0,16550.0,1238035.0,410.0,410.0,406.0,406.0,406.0,398.0
411,2022.09.01,17100.0,1350.0,15850.0,19300.0,15300.0,3604827.0,411.0,411.0,407.0,407.0,407.0,399.0
412,2022.08.31,15750.0,2500.0,13200.0,17200.0,12900.0,2212558.0,412.0,412.0,408.0,408.0,408.0,400.0
413,2022.08.30,13250.0,300.0,12950.0,13250.0,12900.0,11778.0,413.0,413.0,409.0,409.0,409.0,401.0
414,2022.08.29,12950.0,600.0,12900.0,13050.0,12800.0,11092.0,414.0,414.0,410.0,410.0,410.0,402.0
415,2022.08.26,13550.0,50.0,13750.0,13800.0,13500.0,16307.0,415.0,415.0,411.0,411.0,411.0,403.0
416,2022.08.25,13600.0,800.0,12850.0,14700.0,12850.0,209514.0,416.0,416.0,412.0,412.0,412.0,404.0
417,2022.08.24,12800.0,300.0,12500.0,12800.0,12450.0,9503.0,417.0,417.0,413.0,413.0,413.0,405.0
418,2022.08.23,12500.0,100.0,12400.0,12700.0,12350.0,18696.0,418.0,418.0,414.0,414.0,414.0,406.0
419,2022.08.22,12600.0,700.0,13050.0,13100.0,12600.0,29722.0,419.0,419.0,415.0,415.0,415.0,407.0
420,2022.08.19,13300.0,450.0,13600.0,13750.0,13200.0,16440.0,420.0,420.0,416.0,416.0,416.0,408.0
421,2022.08.18,13750.0,50.0,13800.0,13800.0,13350.0,16991.0,421.0,421.0,417.0,417.0,417.0,409.0
422,2022.08.17,13800.0,50.0,13900.0,13950.0,13550.0,11549.0,422.0,422.0,418.0,418.0,418.0,410.0
423,2022.08.16,13850.0,450.0,13400.0,13900.0,13400.0,24630.0,423.0,423.0,419.0,419.0,419.0,411.0
424,2022.08.12,13400.0,50.0,13800.0,13800.0,13350.0,18243.0,424.0,424.0,420.0,420.0,420.0,412.0
425,2022.08.11,13450.0,100.0,13500.0,13650.0,13350.0,19427.0,425.0,425.0,421.0,421.0,421.0,413.0
426,2022.08.10,13350.0,750.0,13950.0,14100.0,13300.0,53462.0,426.0,426.0,422.0,422.0,422.0,414.0
427,2022.08.09,14100.0,400.0,14400.0,14550.0,14100.0,18455.0,427.0,427.0,423.0,423.0,423.0,415.0
428,2022.08.08,14500.0,150.0,14650.0,14650.0,14300.0,19564.0,428.0,428.0,424.0,424.0,424.0,416.0
429,2022.08.05,14650.0,100.0,14550.0,14750.0,14450.0,27889.0,429.0,429.0,425.0,425.0,425.0,417.0
430,2022.08.04,14550.0,250.0,14350.0,14750.0,14100.0,30041.0,430.0,430.0,426.0,426.0,426.0,418.0
431,2022.08.03,14300.0,100.0,14100.0,14450.0,14000.0,11871.0,431.0,431.0,427.0,427.0,427.0,419.0
432,2022.08.02,14200.0,200.0,14250.0,14350.0,13900.0,20871.0,432.0,432.0,428.0,428.0,428.0,420.0
433,2022.08.01,14400.0,50.0,14500.0,14500.0,14200.0,14346.0,433.0,433.0,429.0,429.0,429.0,421.0
434,2022.07.29,14350.0,350.0,14300.0,14350.0,13950.0,18943.0,434.0,434.0,430.0,430.0,430.0,422.0
435,2022.07.28,14000.0,250.0,14350.0,14500.0,13950.0,15475.0,435.0,435.0,431.0,431.0,431.0,423.0
436,2022.07.27,14250.0,450.0,13850.0,15050.0,13650.0,61768.0,436.0,436.0,432.0,432.0,432.0,424.0
437,2022.07.26,13800.0,50.0,13850.0,14000.0,13650.0,4968.0,437.0,437.0,433.0,433.0,433.0,425.0
438,2022.07.25,13850.0,100.0,13850.0,14000.0,13700.0,8381.0,438.0,438.0,434.0,434.0,434.0,426.0
439,2022.07.22,13750.0,100.0,13750.0,14050.0,13750.0,11140.0,439.0,439.0,435.0,435.0,435.0,427.0
440,2022.07.21,13850.0,100.0,13950.0,14150.0,13750.0,9408.0,440.0,440.0,436.0,436.0,436.0,428.0
441,2022.07.20,13950.0,200.0,13850.0,14400.0,13800.0,32182.0,441.0,441.0,437.0,437.0,437.0,429.0
442,2022.07.19,13750.0,50.0,13600.0,13800.0,13350.0,14568.0,442.0,442.0,438.0,438.0,438.0,430.0
443,2022.07.18,13700.0,200.0,13600.0,13750.0,13500.0,7271.0,443.0,443.0,439.0,439.0,439.0,431.0
444,2022.07.15,13500.0,50.0,13500.0,13650.0,13000.0,12636.0,444.0,444.0,440.0,440.0,440.0,432.0
445,2022.07.14,13450.0,150.0,13200.0,13550.0,13100.0,11941.0,445.0,445.0,441.0,441.0,441.0,433.0
446,2022.07.13,13300.0,550.0,12750.0,13450.0,12750.0,12140.0,446.0,446.0,442.0,442.0,442.0,434.0
447,2022.07.12,12750.0,550.0,13050.0,13300.0,12700.0,29702.0,447.0,447.0,443.0,443.0,443.0,435.0
448,2022.07.11,13300.0,100.0,13650.0,13650.0,13150.0,8380.0,448.0,448.0,444.0,444.0,444.0,436.0
449,2022.07.08,13400.0,0.0,13500.0,13950.0,13350.0,28514.0,449.0,449.0,445.0,445.0,445.0,437.0
450,2022.07.07,13400.0,800.0,12650.0,13500.0,12650.0,34842.0,450.0,450.0,446.0,446.0,446.0,438.0
451,2022.07.06,12600.0,150.0,12850.0,13450.0,12600.0,26717.0,451.0,451.0,447.0,447.0,447.0,439.0
452,2022.07.05,12750.0,800.0,12100.0,12750.0,12000.0,19926.0,452.0,452.0,448.0,448.0,448.0,440.0
453,2022.07.04,11950.0,250.0,12200.0,12450.0,11750.0,21960.0,453.0,453.0,449.0,449.0,449.0,441.0
454,2022.07.01,12200.0,350.0,12550.0,12900.0,12000.0,26945.0,454.0,454.0,450.0,450.0,450.0,442.0
455,2022.06.30,12550.0,750.0,13150.0,13300.0,12550.0,17104.0,455.0,455.0,451.0,451.0,451.0,443.0
456,2022.06.29,13300.0,200.0,12700.0,13400.0,12650.0,20155.0,456.0,456.0,452.0,452.0,452.0,444.0
457,2022.06.28,13100.0,200.0,13250.0,13500.0,12900.0,26347.0,457.0,457.0,453.0,453.0,453.0,445.0
458,2022.06.27,13300.0,100.0,13400.0,13550.0,13100.0,21458.0,458.0,458.0,454.0,454.0,454.0,446.0
459,2022.06.24,13200.0,800.0,12250.0,13200.0,12250.0,41445.0,459.0,459.0,455.0,455.0,455.0,447.0
460,2022.06.23,12400.0,600.0,13000.0,13250.0,12250.0,34680.0,460.0,460.0,456.0,456.0,456.0,448.0
461,2022.06.22,13000.0,1050.0,13950.0,14100.0,13000.0,44600.0,461.0,461.0,457.0,457.0,457.0,449.0
462,2022.06.21,14050.0,450.0,13600.0,14200.0,13550.0,34095.0,462.0,462.0,458.0,458.0,458.0,450.0
463,2022.06.20,13600.0,1150.0,14850.0,14900.0,13350.0,77580.0,463.0,463.0,459.0,459.0,459.0,451.0
464,2022.06.17,14750.0,450.0,14500.0,14900.0,14300.0,55122.0,464.0,464.0,460.0,460.0,460.0,452.0
465,2022.06.16,15200.0,750.0,14700.0,16350.0,14700.0,95183.0,465.0,465.0,461.0,461.0,461.0,453.0
466,2022.06.15,14450.0,850.0,15200.0,15400.0,14100.0,52439.0,466.0,466.0,462.0,462.0,462.0,454.0
467,2022.06.14,15300.0,400.0,15150.0,15800.0,14800.0,51689.0,467.0,467.0,463.0,463.0,463.0,455.0
468,2022.06.13,15700.0,1350.0,16550.0,16650.0,15700.0,63382.0,468.0,468.0,464.0,464.0,464.0,456.0
469,2022.06.10,17050.0,600.0,17450.0,17600.0,16950.0,26859.0,469.0,469.0,465.0,465.0,465.0,457.0
470,2022.06.09,17650.0,350.0,18000.0,18000.0,17450.0,21793.0,470.0,470.0,466.0,466.0,466.0,458.0
471,2022.06.08,18000.0,400.0,18400.0,18550.0,18000.0,24169.0,471.0,471.0,467.0,467.0,467.0,459.0
472,2022.06.07,18400.0,550.0,18950.0,18950.0,18400.0,19385.0,472.0,472.0,468.0,468.0,468.0,460.0
473,2022.06.03,18950.0,100.0,19100.0,19100.0,18850.0,9357.0,473.0,473.0,469.0,469.0,469.0,461.0
474,2022.06.02,18850.0,150.0,18900.0,19100.0,18700.0,20003.0,474.0,474.0,470.0,470.0,470.0,462.0
475,2022.05.31,19000.0,200.0,19050.0,19300.0,18850.0,41791.0,475.0,475.0,471.0,471.0,471.0,463.0
476,2022.05.30,19200.0,150.0,19550.0,19550.0,19200.0,13655.0,476.0,476.0,472.0,472.0,472.0,464.0
477,2022.05.27,19350.0,100.0,19350.0,19600.0,19250.0,12825.0,477.0,477.0,473.0,473.0,473.0,465.0
478,2022.05.26,19250.0,50.0,19200.0,19950.0,19200.0,19301.0,478.0,478.0,474.0,474.0,474.0,466.0
479,2022.05.25,19300.0,100.0,19050.0,19550.0,18900.0,12784.0,479.0,479.0,475.0,475.0,475.0,467.0
480,2022.05.24,19200.0,250.0,19400.0,19600.0,18950.0,16667.0,480.0,480.0,476.0,476.0,476.0,468.0
481,2022.05.23,19450.0,50.0,19500.0,19800.0,19400.0,9154.0,481.0,481.0,477.0,477.0,477.0,469.0
482,2022.05.20,19500.0,0.0,20000.0,20000.0,19350.0,12277.0,482.0,482.0,478.0,478.0,478.0,470.0
483,2022.05.19,19500.0,300.0,19550.0,19600.0,19000.0,14949.0,483.0,483.0,479.0,479.0,479.0,471.0
484,2022.05.18,19800.0,350.0,20250.0,20250.0,19650.0,20326.0,484.0,484.0,480.0,480.0,480.0,472.0
485,2022.05.17,20150.0,250.0,20350.0,20500.0,19900.0,12206.0,485.0,485.0,481.0,481.0,481.0,473.0
486,2022.05.16,19900.0,50.0,19950.0,20550.0,19900.0,16585.0,486.0,486.0,482.0,482.0,482.0,474.0
487,2022.05.13,19950.0,900.0,19400.0,19950.0,19200.0,16395.0,487.0,487.0,483.0,483.0,483.0,475.0
488,2022.05.12,19050.0,1000.0,20000.0,20000.0,18800.0,34523.0,488.0,488.0,484.0,484.0,484.0,476.0
489,2022.05.11,20050.0,750.0,19150.0,20350.0,19150.0,19450.0,489.0,489.0,485.0,485.0,485.0,477.0
490,2022.05.10,19300.0,650.0,19500.0,19700.0,18900.0,47398.0,490.0,490.0,486.0,486.0,486.0,478.0
491,2022.05.09,19950.0,950.0,20500.0,20800.0,19900.0,48526.0,491.0,491.0,487.0,487.0,487.0,479.0
492,2022.05.06,20900.0,400.0,21150.0,21200.0,20450.0,17276.0,492.0,492.0,488.0,488.0,488.0,480.0
493,2022.05.04,21300.0,0.0,21150.0,21500.0,21150.0,17448.0,493.0,493.0,489.0,489.0,489.0,481.0
494,2022.05.03,21300.0,300.0,20950.0,21500.0,20950.0,15020.0,494.0,494.0,490.0,490.0,490.0,482.0
495,2022.05.02,21000.0,300.0,20750.0,21250.0,20750.0,10859.0,495.0,495.0,491.0,491.0,491.0,483.0
496,2022.04.29,21300.0,50.0,21300.0,21400.0,21100.0,11201.0,496.0,496.0,492.0,492.0,492.0,484.0
497,2022.04.28,21250.0,550.0,20700.0,21650.0,20600.0,30132.0,497.0,497.0,493.0,493.0,493.0,485.0
498,2022.04.27,20700.0,400.0,20650.0,20900.0,20400.0,35382.0,498.0,498.0,494.0,494.0,494.0,486.0
499,2022.04.26,21100.0,100.0,21000.0,21400.0,21000.0,27458.0,499.0,499.0,495.0,495.0,495.0,487.0
500,2022.04.25,21000.0,1200.0,21650.0,21900.0,21000.0,54670.0,500.0,500.0,496.0,496.0,496.0,488.0
501,2022.04.22,22200.0,300.0,22200.0,22450.0,22050.0,23562.0,501.0,501.0,497.0,497.0,497.0,489.0
502,2022.04.21,22500.0,650.0,23150.0,23200.0,22100.0,99309.0,502.0,502.0,498.0,498.0,498.0,490.0
503,2022.04.20,23150.0,550.0,23850.0,23900.0,23000.0,36995.0,503.0,503.0,499.0,499.0,499.0,491.0
504,2022.04.19,23700.0,700.0,23000.0,23750.0,22800.0,49820.0,504.0,504.0,500.0,500.0,500.0,492.0
505,2022.04.18,23000.0,400.0,23450.0,23500.0,23000.0,20677.0,505.0,505.0,501.0,501.0,501.0,493.0
506,2022.04.15,23400.0,50.0,23100.0,23450.0,22800.0,43075.0,506.0,506.0,502.0,502.0,502.0,494.0
507,2022.04.14,23350.0,150.0,23650.0,23650.0,23300.0,26037.0,507.0,507.0,503.0,503.0,503.0,495.0
508,2022.04.13,23500.0,100.0,23600.0,23700.0,23200.0,47389.0,508.0,508.0,504.0,504.0,504.0,496.0
509,2022.04.12,23600.0,1050.0,24100.0,24100.0,23000.0,148039.0,509.0,509.0,505.0,505.0,505.0,497.0
510,2022.04.11,24650.0,500.0,24400.0,25900.0,24200.0,279536.0,510.0,510.0,506.0,506.0,506.0,498.0
511,2022.04.08,24150.0,300.0,23750.0,26500.0,23600.0,898470.0,511.0,511.0,507.0,507.0,507.0,499.0
512,2022.04.07,23850.0,150.0,23750.0,24300.0,23450.0,74741.0,512.0,512.0,508.0,508.0,508.0,500.0
513,2022.04.06,24000.0,600.0,24600.0,24600.0,22600.0,210032.0,513.0,513.0,509.0,509.0,509.0,501.0
514,2022.04.05,24600.0,450.0,24150.0,24700.0,23650.0,70676.0,514.0,514.0,510.0,510.0,510.0,502.0
515,2022.04.04,24150.0,1400.0,23050.0,24550.0,23050.0,189813.0,515.0,515.0,511.0,511.0,511.0,503.0
516,2022.04.01,22750.0,450.0,22300.0,23400.0,21700.0,93912.0,516.0,516.0,512.0,512.0,512.0,504.0
517,2022.03.31,22300.0,100.0,22150.0,22650.0,21950.0,16173.0,517.0,517.0,513.0,513.0,513.0,505.0
518,2022.03.30,22200.0,50.0,22250.0,22550.0,21950.0,15134.0,518.0,518.0,514.0,514.0,514.0,506.0
519,2022.03.29,22250.0,150.0,22150.0,22350.0,21950.0,17400.0,519.0,519.0,515.0,515.0,515.0,507.0
520,2022.03.28,22100.0,350.0,22450.0,22600.0,22050.0,25563.0,520.0,520.0,516.0,516.0,516.0,508.0
521,2022.03.25,22450.0,600.0,23400.0,23400.0,22200.0,35215.0,521.0,521.0,517.0,517.0,517.0,509.0
522,2022.03.24,23050.0,200.0,22750.0,23100.0,22100.0,27709.0,522.0,522.0,518.0,518.0,518.0,510.0
523,2022.03.23,22850.0,50.0,23350.0,23350.0,22550.0,30258.0,523.0,523.0,519.0,519.0,519.0,511.0
524,2022.03.22,22900.0,500.0,22250.0,23150.0,22000.0,32433.0,524.0,524.0,520.0,520.0,520.0,512.0
525,2022.03.21,22400.0,750.0,23300.0,23300.0,22400.0,47941.0,525.0,525.0,521.0,521.0,521.0,513.0
526,2022.03.18,23150.0,1350.0,21800.0,23200.0,21700.0,70996.0,526.0,526.0,522.0,522.0,522.0,514.0
527,2022.03.17,21800.0,1100.0,21150.0,22150.0,21000.0,57031.0,527.0,527.0,523.0,523.0,523.0,515.0
528,2022.03.16,20700.0,350.0,20400.0,20900.0,20400.0,26027.0,528.0,528.0,524.0,524.0,524.0,516.0
529,2022.03.15,20350.0,200.0,20600.0,20800.0,20000.0,14531.0,529.0,529.0,525.0,525.0,525.0,517.0
530,2022.03.14,20550.0,650.0,21250.0,21250.0,20250.0,19577.0,530.0,530.0,526.0,526.0,526.0,518.0
531,2022.03.11,21200.0,50.0,21150.0,21550.0,20900.0,18035.0,531.0,531.0,527.0,527.0,527.0,519.0
532,2022.03.10,21150.0,700.0,20900.0,21350.0,20700.0,15885.0,532.0,532.0,528.0,528.0,528.0,520.0
533,2022.03.08,20450.0,100.0,20150.0,20650.0,19950.0,19706.0,533.0,533.0,529.0,529.0,529.0,521.0
534,2022.03.07,20550.0,1200.0,21300.0,21450.0,20500.0,36834.0,534.0,534.0,530.0,530.0,530.0,522.0
535,2022.03.04,21750.0,600.0,21850.0,22600.0,21550.0,21118.0,535.0,535.0,531.0,531.0,531.0,523.0
536,2022.03.03,22350.0,350.0,22200.0,22450.0,21550.0,22833.0,536.0,536.0,532.0,532.0,532.0,524.0
537,2022.03.02,22000.0,400.0,21250.0,22100.0,21250.0,11802.0,537.0,537.0,533.0,533.0,533.0,525.0
538,2022.02.28,21600.0,250.0,21350.0,21800.0,20850.0,9686.0,538.0,538.0,534.0,534.0,534.0,526.0
539,2022.02.25,21350.0,400.0,21350.0,21650.0,21050.0,23781.0,539.0,539.0,535.0,535.0,535.0,527.0
540,2022.02.24,20950.0,1300.0,21800.0,22050.0,20700.0,21647.0,540.0,540.0,536.0,536.0,536.0,528.0
541,2022.02.23,22250.0,1050.0,21200.0,22700.0,21100.0,37959.0,541.0,541.0,537.0,537.0,537.0,529.0
542,2022.02.22,21200.0,300.0,20950.0,21650.0,20950.0,18410.0,542.0,542.0,538.0,538.0,538.0,530.0
543,2022.02.21,21500.0,200.0,21500.0,21800.0,20850.0,33090.0,543.0,543.0,539.0,539.0,539.0,531.0
544,2022.02.18,21700.0,550.0,20700.0,22200.0,20700.0,47861.0,544.0,544.0,540.0,540.0,540.0,532.0
545,2022.02.17,21150.0,250.0,20900.0,21400.0,20650.0,38075.0,545.0,545.0,541.0,541.0,541.0,533.0
546,2022.02.16,20900.0,1300.0,19850.0,20950.0,19850.0,28219.0,546.0,546.0,542.0,542.0,542.0,534.0
547,2022.02.15,19600.0,500.0,20100.0,20400.0,19200.0,36248.0,547.0,547.0,543.0,543.0,543.0,535.0
548,2022.02.14,20100.0,950.0,20900.0,20900.0,19950.0,32316.0,548.0,548.0,544.0,544.0,544.0,536.0
549,2022.02.11,21050.0,1150.0,21900.0,21900.0,20950.0,39083.0,549.0,549.0,545.0,545.0,545.0,537.0
550,2022.02.10,22200.0,200.0,21950.0,22500.0,21850.0,25287.0,550.0,550.0,546.0,546.0,546.0,538.0
551,2022.02.09,22000.0,100.0,21900.0,22100.0,21650.0,12106.0,551.0,551.0,547.0,547.0,547.0,539.0
552,2022.02.08,21900.0,150.0,21750.0,22100.0,21450.0,22254.0,552.0,552.0,548.0,548.0,548.0,540.0
553,2022.02.07,21750.0,250.0,22000.0,22000.0,21300.0,21793.0,553.0,553.0,549.0,549.0,549.0,541.0
554,2022.02.04,22000.0,1250.0,20750.0,22000.0,20700.0,36594.0,554.0,554.0,550.0,550.0,550.0,542.0
555,2022.02.03,20750.0,450.0,20450.0,21200.0,20450.0,36877.0,555.0,555.0,551.0,551.0,551.0,543.0
556,2022.01.28,20300.0,800.0,19950.0,20350.0,18950.0,41958.0,556.0,556.0,552.0,552.0,552.0,544.0
557,2022.01.27,19500.0,800.0,20300.0,20400.0,19000.0,57479.0,557.0,557.0,553.0,553.0,553.0,545.0
558,2022.01.26,20300.0,450.0,19850.0,20350.0,19550.0,39548.0,558.0,558.0,554.0,554.0,554.0,546.0
559,2022.01.25,19850.0,1350.0,21450.0,21500.0,19500.0,113868.0,559.0,559.0,555.0,555.0,555.0,547.0
560,2022.01.24,21200.0,1050.0,21800.0,21850.0,20950.0,61111.0,560.0,560.0,556.0,556.0,556.0,548.0
561,2022.01.21,22250.0,1000.0,23150.0,23350.0,21700.0,92010.0,561.0,561.0,557.0,557.0,557.0,549.0
562,2022.01.20,23250.0,300.0,22650.0,23350.0,22650.0,23064.0,562.0,562.0,558.0,558.0,558.0,550.0
563,2022.01.19,22950.0,1050.0,23800.0,24100.0,22650.0,108560.0,563.0,563.0,559.0,559.0,559.0,551.0
564,2022.01.18,24000.0,500.0,24500.0,25000.0,24000.0,22832.0,564.0,564.0,560.0,560.0,560.0,552.0
565,2022.01.17,24500.0,250.0,24250.0,25950.0,23950.0,36808.0,565.0,565.0,561.0,561.0,561.0,553.0
566,2022.01.14,24250.0,450.0,24300.0,24650.0,24050.0,19623.0,566.0,566.0,562.0,562.0,562.0,554.0
567,2022.01.13,24700.0,600.0,25200.0,25350.0,24450.0,46934.0,567.0,567.0,563.0,563.0,563.0,555.0
568,2022.01.12,25300.0,1550.0,24100.0,27400.0,23850.0,401133.0,568.0,568.0,564.0,564.0,564.0,556.0
569,2022.01.11,23750.0,200.0,24050.0,24150.0,23050.0,41371.0,569.0,569.0,565.0,565.0,565.0,557.0
570,2022.01.10,23950.0,450.0,24600.0,24650.0,23500.0,37123.0,570.0,570.0,566.0,566.0,566.0,558.0
571,2022.01.07,24400.0,850.0,23650.0,24450.0,23650.0,63011.0,571.0,571.0,567.0,567.0,567.0,559.0
572,2022.01.06,23550.0,1800.0,24900.0,25250.0,23450.0,199449.0,572.0,572.0,568.0,568.0,568.0,560.0
573,2022.01.05,25350.0,1600.0,27250.0,27250.0,25150.0,135637.0,573.0,573.0,569.0,569.0,569.0,561.0
574,2022.01.04,26950.0,150.0,27000.0,27350.0,26600.0,26710.0,574.0,574.0,570.0,570.0,570.0,562.0
575,2022.01.03,27100.0,550.0,26700.0,27550.0,26550.0,74000.0,575.0,575.0,571.0,571.0,571.0,563.0
576,2021.12.30,26550.0,250.0,26700.0,26900.0,26150.0,23965.0,576.0,576.0,572.0,572.0,572.0,564.0
577,2021.12.29,26800.0,350.0,26100.0,26900.0,26100.0,27237.0,577.0,577.0,573.0,573.0,573.0,565.0
578,2021.12.28,26450.0,550.0,25800.0,26500.0,25750.0,37272.0,578.0,578.0,574.0,574.0,574.0,566.0
579,2021.12.27,25900.0,100.0,25800.0,26300.0,25700.0,49355.0,579.0,579.0,575.0,575.0,575.0,567.0
580,2021.12.24,26000.0,200.0,26200.0,26450.0,25900.0,32967.0,580.0,580.0,576.0,576.0,576.0,568.0
581,2021.12.23,26200.0,200.0,26000.0,26300.0,25800.0,35406.0,581.0,581.0,577.0,577.0,577.0,569.0
582,2021.12.22,26000.0,750.0,26900.0,26900.0,25750.0,101479.0,582.0,582.0,578.0,578.0,578.0,570.0
583,2021.12.21,26750.0,300.0,27100.0,27400.0,26450.0,48721.0,583.0,583.0,579.0,579.0,579.0,571.0
584,2021.12.20,27050.0,850.0,27650.0,27750.0,26800.0,61502.0,584.0,584.0,580.0,580.0,580.0,572.0
585,2021.12.17,27900.0,250.0,27700.0,28200.0,27500.0,46618.0,585.0,585.0,581.0,581.0,581.0,573.0
586,2021.12.16,27650.0,500.0,27500.0,28000.0,27300.0,52864.0,586.0,586.0,582.0,582.0,582.0,574.0
587,2021.12.15,27150.0,50.0,27000.0,27350.0,26650.0,38987.0,587.0,587.0,583.0,583.0,583.0,575.0
588,2021.12.14,27200.0,350.0,27600.0,27850.0,26750.0,42527.0,588.0,588.0,584.0,584.0,584.0,576.0
589,2021.12.13,27550.0,50.0,27600.0,27850.0,27250.0,38568.0,589.0,589.0,585.0,585.0,585.0,577.0
590,2021.12.10,27600.0,50.0,27300.0,28100.0,27300.0,30507.0,590.0,590.0,586.0,586.0,586.0,578.0
591,2021.12.09,27650.0,150.0,27500.0,28150.0,27450.0,42234.0,591.0,591.0,587.0,587.0,587.0,579.0
592,2021.12.08,27500.0,800.0,28350.0,28350.0,27350.0,63250.0,592.0,592.0,588.0,588.0,588.0,580.0
593,2021.12.07,28300.0,1300.0,27150.0,28450.0,26900.0,105131.0,593.0,593.0,589.0,589.0,589.0,581.0
594,2021.12.06,27000.0,900.0,27450.0,27650.0,26900.0,37355.0,594.0,594.0,590.0,590.0,590.0,582.0
595,2021.12.03,27900.0,1100.0,27100.0,28200.0,26750.0,105567.0,595.0,595.0,591.0,591.0,591.0,583.0
596,2021.12.02,26800.0,100.0,26250.0,27150.0,26000.0,34648.0,596.0,596.0,592.0,592.0,592.0,584.0
597,2021.12.01,26700.0,400.0,25950.0,26850.0,25450.0,71650.0,597.0,597.0,593.0,593.0,593.0,585.0
598,2021.11.30,26300.0,1000.0,27350.0,27700.0,25500.0,109491.0,598.0,598.0,594.0,594.0,594.0,586.0
599,2021.11.29,27300.0,900.0,25400.0,28150.0,25350.0,361417.0,599.0,599.0,595.0,595.0,595.0,587.0
600,2021.11.26,26400.0,650.0,27150.0,27450.0,26000.0,98055.0,600.0,600.0,596.0,596.0,596.0,588.0
601,2021.11.25,27050.0,400.0,27200.0,27650.0,26800.0,54933.0,601.0,601.0,597.0,597.0,597.0,589.0
602,2021.11.24,26650.0,200.0,26850.0,27250.0,26200.0,44331.0,602.0,602.0,598.0,598.0,598.0,590.0
603,2021.11.23,26850.0,750.0,27600.0,27800.0,26650.0,62265.0,603.0,603.0,599.0,599.0,599.0,591.0
604,2021.11.22,27600.0,450.0,27300.0,28000.0,27000.0,77392.0,604.0,604.0,600.0,600.0,600.0,592.0
605,2021.11.19,27150.0,250.0,27400.0,27700.0,26550.0,93803.0,605.0,605.0,601.0,601.0,601.0,593.0
606,2021.11.18,27400.0,50.0,27400.0,27800.0,26750.0,71914.0,606.0,606.0,602.0,602.0,602.0,594.0
607,2021.11.17,27450.0,650.0,28400.0,28400.0,26850.0,130110.0,607.0,607.0,603.0,603.0,603.0,595.0
608,2021.11.16,28100.0,100.0,27800.0,28600.0,27650.0,71941.0,608.0,608.0,604.0,604.0,604.0,596.0
609,2021.11.15,28000.0,100.0,28100.0,28250.0,27800.0,47054.0,609.0,609.0,605.0,605.0,605.0,597.0
610,2021.11.12,28100.0,200.0,28200.0,28450.0,27700.0,104602.0,610.0,610.0,606.0,606.0,606.0,598.0
611,2021.11.11,28300.0,800.0,28650.0,29000.0,27700.0,121720.0,611.0,611.0,607.0,607.0,607.0,599.0
612,2021.11.10,29100.0,2100.0,31100.0,31350.0,28950.0,127055.0,612.0,612.0,608.0,608.0,608.0,600.0
613,2021.11.09,31200.0,700.0,30250.0,31550.0,29850.0,118317.0,613.0,613.0,609.0,609.0,609.0,601.0
614,2021.11.08,30500.0,500.0,30450.0,30900.0,30100.0,43266.0,614.0,614.0,610.0,610.0,610.0,602.0
615,2021.11.05,31000.0,250.0,30550.0,31750.0,30450.0,95091.0,615.0,615.0,611.0,611.0,611.0,603.0
616,2021.11.04,30750.0,1550.0,32350.0,32750.0,30350.0,179319.0,616.0,616.0,612.0,612.0,612.0,604.0
617,2021.11.03,32300.0,1500.0,33850.0,34500.0,32250.0,222408.0,617.0,617.0,613.0,613.0,613.0,605.0
618,2021.11.02,33800.0,2550.0,31350.0,33850.0,31350.0,304427.0,618.0,618.0,614.0,614.0,614.0,606.0
619,2021.11.01,31250.0,500.0,31300.0,32300.0,30800.0,235997.0,619.0,619.0,615.0,615.0,615.0,607.0
620,2021.10.29,30750.0,2150.0,28700.0,31000.0,28400.0,294479.0,620.0,620.0,616.0,616.0,616.0,608.0
621,2021.10.28,28600.0,1000.0,29700.0,30050.0,28450.0,111056.0,621.0,621.0,617.0,617.0,617.0,609.0
622,2021.10.27,29600.0,1050.0,30500.0,30900.0,29300.0,440399.0,622.0,622.0,618.0,618.0,618.0,610.0
623,2021.10.26,28550.0,50.0,28650.0,29100.0,28250.0,69435.0,623.0,623.0,619.0,619.0,619.0,611.0
624,2021.10.25,28500.0,400.0,28100.0,28500.0,27800.0,30007.0,624.0,624.0,620.0,620.0,620.0,612.0
625,2021.10.22,28100.0,450.0,27950.0,28800.0,27950.0,68391.0,625.0,625.0,621.0,621.0,621.0,613.0
626,2021.10.21,27650.0,300.0,27800.0,28500.0,27450.0,40635.0,626.0,626.0,622.0,622.0,622.0,614.0
627,2021.10.20,27950.0,400.0,28150.0,28400.0,27650.0,52597.0,627.0,627.0,623.0,623.0,623.0,615.0
628,2021.10.19,28350.0,250.0,28600.0,28800.0,27950.0,43119.0,628.0,628.0,624.0,624.0,624.0,616.0
629,2021.10.18,28600.0,100.0,28350.0,28750.0,28000.0,29865.0,629.0,629.0,625.0,625.0,625.0,617.0
630,2021.10.15,28700.0,350.0,28600.0,29000.0,28200.0,47855.0,630.0,630.0,626.0,626.0,626.0,618.0
631,2021.10.14,28350.0,800.0,27750.0,28550.0,27650.0,70035.0,631.0,631.0,627.0,627.0,627.0,619.0
632,2021.10.13,27550.0,200.0,27300.0,28150.0,27050.0,29992.0,632.0,632.0,628.0,628.0,628.0,620.0
633,2021.10.12,27350.0,350.0,27000.0,27600.0,25700.0,97185.0,633.0,633.0,629.0,629.0,629.0,621.0
634,2021.10.08,27000.0,500.0,27750.0,27850.0,26900.0,44113.0,634.0,634.0,630.0,630.0,630.0,622.0
635,2021.10.07,27500.0,1100.0,26700.0,27800.0,26700.0,68925.0,635.0,635.0,631.0,631.0,631.0,623.0
636,2021.10.06,26400.0,1450.0,27700.0,28600.0,26200.0,129169.0,636.0,636.0,632.0,632.0,632.0,624.0
637,2021.10.05,27850.0,1500.0,28400.0,28650.0,27450.0,119807.0,637.0,637.0,633.0,633.0,633.0,625.0
638,2021.10.01,29350.0,1700.0,30850.0,31250.0,29100.0,118959.0,638.0,638.0,634.0,634.0,634.0,626.0
639,2021.09.30,31050.0,1000.0,30100.0,31450.0,29350.0,148042.0,639.0,639.0,635.0,635.0,635.0,627.0
640,2021.09.29,30050.0,300.0,28900.0,31500.0,28850.0,213160.0,640.0,640.0,636.0,636.0,636.0,628.0
641,2021.09.28,29750.0,800.0,30300.0,31050.0,29700.0,116411.0,641.0,641.0,637.0,637.0,637.0,629.0
642,2021.09.27,30550.0,1050.0,30150.0,32600.0,30150.0,480220.0,642.0,642.0,638.0,638.0,638.0,630.0
643,2021.09.24,29500.0,1700.0,27900.0,29550.0,27850.0,91507.0,643.0,643.0,639.0,639.0,639.0,631.0
644,2021.09.23,27800.0,400.0,28200.0,29150.0,27800.0,67220.0,644.0,644.0,640.0,640.0,640.0,632.0
645,2021.09.17,28200.0,0.0,28200.0,28400.0,27700.0,33914.0,645.0,645.0,641.0,641.0,641.0,633.0
646,2021.09.16,28200.0,50.0,28250.0,28700.0,28100.0,25930.0,646.0,646.0,642.0,642.0,642.0,634.0
647,2021.09.15,28250.0,100.0,28400.0,28750.0,28100.0,39663.0,647.0,647.0,643.0,643.0,643.0,635.0
648,2021.09.14,28150.0,100.0,28250.0,28650.0,27550.0,50882.0,648.0,648.0,644.0,644.0,644.0,636.0
649,2021.09.13,28250.0,1350.0,29250.0,29300.0,27850.0,102154.0,649.0,649.0,645.0,645.0,645.0,637.0
650,2021.09.10,29600.0,550.0,29250.0,30050.0,28550.0,58637.0,650.0,650.0,646.0,646.0,646.0,638.0
651,2021.09.09,29050.0,850.0,29600.0,30050.0,28250.0,88894.0,651.0,651.0,647.0,647.0,647.0,639.0
652,2021.09.08,29900.0,600.0,29300.0,30250.0,28950.0,90649.0,652.0,652.0,648.0,648.0,648.0,640.0
653,2021.09.07,29300.0,950.0,30000.0,30100.0,28700.0,107360.0,653.0,653.0,649.0,649.0,649.0,641.0
654,2021.09.06,30250.0,200.0,30300.0,30900.0,30000.0,76375.0,654.0,654.0,650.0,650.0,650.0,642.0
655,2021.09.03,30450.0,1300.0,31550.0,31800.0,30050.0,215216.0,655.0,655.0,651.0,651.0,651.0,643.0
656,2021.09.02,31750.0,2800.0,29050.0,31950.0,28800.0,636370.0,656.0,656.0,652.0,652.0,652.0,644.0
657,2021.09.01,28950.0,500.0,29650.0,29650.0,28450.0,135222.0,657.0,657.0,653.0,653.0,653.0,645.0
658,2021.08.31,29450.0,150.0,29700.0,30150.0,29250.0,142351.0,658.0,658.0,654.0,654.0,654.0,646.0
659,2021.08.30,29300.0,50.0,29250.0,30100.0,28800.0,257807.0,659.0,659.0,655.0,655.0,655.0,647.0
660,2021.08.27,29250.0,3400.0,25650.0,29500.0,25650.0,543978.0,660.0,660.0,656.0,656.0,656.0,648.0
661,2021.08.26,25850.0,1100.0,24850.0,25900.0,24750.0,50199.0,661.0,661.0,657.0,657.0,657.0,649.0
662,2021.08.25,24750.0,550.0,25350.0,25400.0,24100.0,83105.0,662.0,662.0,658.0,658.0,658.0,650.0
663,2021.08.24,25300.0,350.0,25350.0,25750.0,24900.0,46006.0,663.0,663.0,659.0,659.0,659.0,651.0
664,2021.08.23,24950.0,700.0,24650.0,25450.0,24100.0,27130.0,664.0,664.0,660.0,660.0,660.0,652.0
665,2021.08.20,24250.0,1150.0,25300.0,25750.0,23850.0,114509.0,665.0,665.0,661.0,661.0,661.0,653.0
666,2021.08.19,25400.0,1650.0,26850.0,27050.0,25400.0,69917.0,666.0,666.0,662.0,662.0,662.0,654.0
667,2021.08.18,27050.0,1050.0,26000.0,27400.0,25650.0,37876.0,667.0,667.0,663.0,663.0,663.0,655.0
668,2021.08.17,26000.0,1050.0,26600.0,26900.0,25800.0,65415.0,668.0,668.0,664.0,664.0,664.0,656.0
669,2021.08.13,27050.0,1300.0,28350.0,29300.0,27000.0,99740.0,669.0,669.0,665.0,665.0,665.0,657.0
670,2021.08.12,28350.0,150.0,28200.0,28500.0,27800.0,44529.0,670.0,670.0,666.0,666.0,666.0,658.0
671,2021.08.11,28200.0,500.0,27700.0,28400.0,27350.0,57673.0,671.0,671.0,667.0,667.0,667.0,659.0
672,2021.08.10,27700.0,400.0,27400.0,27750.0,27150.0,63964.0,672.0,672.0,668.0,668.0,668.0,660.0
673,2021.08.09,27300.0,650.0,27700.0,28250.0,27150.0,68344.0,673.0,673.0,669.0,669.0,669.0,661.0
674,2021.08.06,27950.0,150.0,28150.0,28500.0,27700.0,39040.0,674.0,674.0,670.0,670.0,670.0,662.0
675,2021.08.05,28100.0,850.0,28850.0,28850.0,28050.0,53403.0,675.0,675.0,671.0,671.0,671.0,663.0
676,2021.08.04,28950.0,450.0,28400.0,28950.0,28050.0,27102.0,676.0,676.0,672.0,672.0,672.0,664.0
677,2021.08.03,28500.0,450.0,28950.0,28950.0,28050.0,51195.0,677.0,677.0,673.0,673.0,673.0,665.0
678,2021.08.02,28950.0,1350.0,28000.0,29200.0,27850.0,81259.0,678.0,678.0,674.0,674.0,674.0,666.0
679,2021.07.30,27600.0,200.0,27900.0,28500.0,27450.0,54705.0,679.0,679.0,675.0,675.0,675.0,667.0
680,2021.07.29,27800.0,450.0,28750.0,28750.0,27650.0,61132.0,680.0,680.0,676.0,676.0,676.0,668.0
681,2021.07.28,28250.0,1000.0,28950.0,29100.0,27500.0,124925.0,681.0,681.0,677.0,677.0,677.0,669.0
682,2021.07.27,29250.0,650.0,29700.0,30450.0,29000.0,73674.0,682.0,682.0,678.0,678.0,678.0,670.0
683,2021.07.26,29900.0,550.0,29350.0,30200.0,28450.0,119135.0,683.0,683.0,679.0,679.0,679.0,671.0
684,2021.07.23,29350.0,850.0,29000.0,30150.0,28350.0,129463.0,684.0,684.0,680.0,680.0,680.0,672.0
685,2021.07.22,28500.0,850.0,29350.0,29600.0,28500.0,121746.0,685.0,685.0,681.0,681.0,681.0,673.0
686,2021.07.21,29350.0,0.0,29850.0,31200.0,28950.0,380894.0,686.0,686.0,682.0,682.0,682.0,674.0
687,2021.07.20,29350.0,1850.0,27850.0,29500.0,27650.0,379062.0,687.0,687.0,683.0,683.0,683.0,675.0
688,2021.07.19,27500.0,500.0,28000.0,28650.0,27300.0,150167.0,688.0,688.0,684.0,684.0,684.0,676.0
689,2021.07.16,28000.0,1050.0,27300.0,30000.0,26950.0,472747.0,689.0,689.0,685.0,685.0,685.0,677.0
690,2021.07.15,26950.0,50.0,26900.0,27400.0,26600.0,92791.0,690.0,690.0,686.0,686.0,686.0,678.0
691,2021.07.14,26900.0,150.0,26650.0,27300.0,26100.0,91127.0,691.0,691.0,687.0,687.0,687.0,679.0
692,2021.07.13,26750.0,1200.0,26100.0,27000.0,26100.0,128472.0,692.0,692.0,688.0,688.0,688.0,680.0
693,2021.07.12,25550.0,0.0,25400.0,26100.0,25350.0,22889.0,693.0,693.0,689.0,689.0,689.0,681.0
694,2021.07.09,25550.0,0.0,25450.0,25950.0,24100.0,78687.0,694.0,694.0,690.0,690.0,690.0,682.0
695,2021.07.08,25550.0,950.0,26250.0,26600.0,25450.0,47933.0,695.0,695.0,691.0,691.0,691.0,683.0
696,2021.07.07,26500.0,50.0,26150.0,26750.0,26050.0,39077.0,696.0,696.0,692.0,692.0,692.0,684.0
697,2021.07.06,26450.0,50.0,26450.0,26950.0,26250.0,45513.0,697.0,697.0,693.0,693.0,693.0,685.0
698,2021.07.05,26500.0,650.0,27150.0,27400.0,26350.0,29290.0,698.0,698.0,694.0,694.0,694.0,686.0
699,2021.07.02,27150.0,50.0,27050.0,27800.0,27000.0,46442.0,699.0,699.0,695.0,695.0,695.0,687.0
700,2021.07.01,27200.0,200.0,27000.0,27350.0,26400.0,49745.0,700.0,700.0,696.0,696.0,696.0,688.0
701,2021.06.30,27000.0,150.0,26650.0,27250.0,26450.0,36747.0,701.0,701.0,697.0,697.0,697.0,689.0
702,2021.06.29,26850.0,450.0,27300.0,27600.0,26750.0,27758.0,702.0,702.0,698.0,698.0,698.0,690.0
703,2021.06.28,27300.0,100.0,27350.0,27550.0,26800.0,32433.0,703.0,703.0,699.0,699.0,699.0,691.0
704,2021.06.25,27400.0,650.0,26800.0,27800.0,26100.0,94841.0,704.0,704.0,700.0,700.0,700.0,692.0
705,2021.06.24,26750.0,750.0,27850.0,27850.0,26650.0,54666.0,705.0,705.0,701.0,701.0,701.0,693.0
706,2021.06.23,27500.0,900.0,26800.0,27650.0,26750.0,173320.0,706.0,706.0,702.0,702.0,702.0,694.0
707,2021.06.22,26600.0,700.0,25900.0,26800.0,25600.0,62808.0,707.0,707.0,703.0,703.0,703.0,695.0
708,2021.06.21,25900.0,0.0,25700.0,26100.0,25000.0,44998.0,708.0,708.0,704.0,704.0,704.0,696.0
709,2021.06.18,25900.0,150.0,26050.0,26500.0,25750.0,47737.0,709.0,709.0,705.0,705.0,705.0,697.0
710,2021.06.17,26050.0,850.0,25350.0,26700.0,25200.0,163557.0,710.0,710.0,706.0,706.0,706.0,698.0
711,2021.06.16,25200.0,800.0,24400.0,25250.0,24300.0,37458.0,711.0,711.0,707.0,707.0,707.0,699.0
712,2021.06.15,24400.0,100.0,24500.0,24800.0,24150.0,14771.0,712.0,712.0,708.0,708.0,708.0,700.0
713,2021.06.14,24500.0,50.0,24600.0,24600.0,24100.0,15613.0,713.0,713.0,709.0,709.0,709.0,701.0
714,2021.06.11,24450.0,100.0,24350.0,24500.0,24250.0,9995.0,714.0,714.0,710.0,710.0,710.0,702.0
715,2021.06.10,24350.0,200.0,24200.0,24700.0,24200.0,17650.0,715.0,715.0,711.0,711.0,711.0,703.0
716,2021.06.09,24550.0,300.0,24550.0,24700.0,24200.0,18402.0,716.0,716.0,712.0,712.0,712.0,704.0
717,2021.06.08,24250.0,200.0,24250.0,24800.0,24050.0,33514.0,717.0,717.0,713.0,713.0,713.0,705.0
718,2021.06.07,24050.0,550.0,24400.0,24700.0,24000.0,32440.0,718.0,718.0,714.0,714.0,714.0,706.0
719,2021.06.04,24600.0,350.0,24950.0,24950.0,24200.0,21092.0,719.0,719.0,715.0,715.0,715.0,707.0
720,2021.06.03,24950.0,50.0,24850.0,25150.0,24650.0,15205.0,720.0,720.0,716.0,716.0,716.0,708.0
721,2021.06.02,25000.0,350.0,25450.0,25450.0,24900.0,18560.0,721.0,721.0,717.0,717.0,717.0,709.0
722,2021.06.01,25350.0,50.0,25750.0,25800.0,25050.0,14043.0,722.0,722.0,718.0,718.0,718.0,710.0
723,2021.05.31,25400.0,400.0,25050.0,26150.0,25000.0,52482.0,723.0,723.0,719.0,719.0,719.0,711.0
724,2021.05.28,25000.0,50.0,25050.0,25400.0,24900.0,14885.0,724.0,724.0,720.0,720.0,720.0,712.0
725,2021.05.27,24950.0,0.0,25050.0,25050.0,24550.0,17840.0,725.0,725.0,721.0,721.0,721.0,713.0
726,2021.05.26,24950.0,800.0,24250.0,25500.0,23850.0,70057.0,726.0,726.0,722.0,722.0,722.0,714.0
727,2021.05.25,24150.0,650.0,23500.0,24650.0,23450.0,25742.0,727.0,727.0,723.0,723.0,723.0,715.0
728,2021.05.24,23500.0,250.0,23800.0,23950.0,23200.0,26951.0,728.0,728.0,724.0,724.0,724.0,716.0
729,2021.05.21,23750.0,250.0,24000.0,24250.0,23600.0,36572.0,729.0,729.0,725.0,725.0,725.0,717.0
730,2021.05.20,24000.0,150.0,24150.0,24250.0,23450.0,39888.0,730.0,730.0,726.0,726.0,726.0,718.0
731,2021.05.18,24150.0,450.0,24550.0,24900.0,23600.0,58385.0,731.0,731.0,727.0,727.0,727.0,719.0
732,2021.05.17,24600.0,900.0,25500.0,25800.0,24400.0,40771.0,732.0,732.0,728.0,728.0,728.0,720.0
733,2021.05.14,25500.0,100.0,25500.0,25850.0,24700.0,29394.0,733.0,733.0,729.0,729.0,729.0,721.0
734,2021.05.13,25600.0,200.0,25200.0,25850.0,25000.0,38810.0,734.0,734.0,730.0,730.0,730.0,722.0
735,2021.05.12,25800.0,200.0,25400.0,26200.0,24800.0,60619.0,735.0,735.0,731.0,731.0,731.0,723.0
736,2021.05.11,25600.0,850.0,26250.0,26250.0,25450.0,61044.0,736.0,736.0,732.0,732.0,732.0,724.0
737,2021.05.10,26450.0,1700.0,27550.0,27700.0,25250.0,209315.0,737.0,737.0,733.0,733.0,733.0,725.0
738,2021.05.07,28150.0,2800.0,25350.0,28550.0,25100.0,471927.0,738.0,738.0,734.0,734.0,734.0,726.0
739,2021.05.06,25350.0,650.0,25500.0,26150.0,25000.0,29174.0,739.0,739.0,735.0,735.0,735.0,727.0
740,2021.05.04,26000.0,100.0,25700.0,26100.0,25050.0,24671.0,740.0,740.0,736.0,736.0,736.0,728.0
741,2021.05.03,25900.0,550.0,26350.0,26500.0,25650.0,29357.0,741.0,741.0,737.0,737.0,737.0,729.0
742,2021.04.30,26450.0,300.0,26300.0,26900.0,26300.0,26113.0,742.0,742.0,738.0,738.0,738.0,730.0
743,2021.04.29,26750.0,250.0,26950.0,26950.0,26300.0,30273.0,743.0,743.0,739.0,739.0,739.0,731.0
744,2021.04.28,26500.0,350.0,26800.0,27350.0,26300.0,75412.0,744.0,744.0,740.0,740.0,740.0,732.0
745,2021.04.27,26850.0,550.0,27000.0,27900.0,26700.0,150707.0,745.0,745.0,741.0,741.0,741.0,733.0
746,2021.04.26,27400.0,350.0,27150.0,27450.0,26650.0,74450.0,746.0,746.0,742.0,742.0,742.0,734.0
747,2021.04.23,27050.0,1050.0,26000.0,27300.0,25400.0,136930.0,747.0,747.0,743.0,743.0,743.0,735.0
748,2021.04.22,26000.0,0.0,26000.0,26500.0,25750.0,23268.0,748.0,748.0,744.0,744.0,744.0,736.0
749,2021.04.21,26000.0,250.0,26200.0,26450.0,25150.0,72861.0,749.0,749.0,745.0,745.0,745.0,737.0
750,2021.04.20,26250.0,1700.0,27950.0,27950.0,26050.0,151088.0,750.0,750.0,746.0,746.0,746.0,738.0
751,2021.04.19,27950.0,950.0,27100.0,28000.0,26500.0,104026.0,751.0,751.0,747.0,747.0,747.0,739.0
752,2021.04.16,27000.0,100.0,27100.0,27250.0,26200.0,47397.0,752.0,752.0,748.0,748.0,748.0,740.0
753,2021.04.15,27100.0,50.0,27250.0,28000.0,26600.0,89873.0,753.0,753.0,749.0,749.0,749.0,741.0
754,2021.04.14,27150.0,1350.0,25800.0,27950.0,25800.0,219296.0,754.0,754.0,750.0,750.0,750.0,742.0
755,2021.04.13,25800.0,900.0,25000.0,27250.0,24800.0,204074.0,755.0,755.0,751.0,751.0,751.0,743.0
756,2021.04.12,24900.0,400.0,24550.0,25050.0,24100.0,36550.0,756.0,756.0,752.0,752.0,752.0,744.0
757,2021.04.09,24500.0,600.0,23750.0,24600.0,23500.0,53694.0,757.0,757.0,753.0,753.0,753.0,745.0
758,2021.04.08,23900.0,50.0,23950.0,24200.0,23400.0,29068.0,758.0,758.0,754.0,754.0,754.0,746.0
759,2021.04.07,23950.0,1100.0,22700.0,24250.0,22650.0,51151.0,759.0,759.0,755.0,755.0,755.0,747.0
760,2021.04.06,22850.0,100.0,22950.0,23300.0,22600.0,44416.0,760.0,760.0,756.0,756.0,756.0,748.0
761,2021.04.05,22950.0,850.0,23650.0,23650.0,22650.0,89829.0,761.0,761.0,757.0,757.0,757.0,749.0
762,2021.04.02,23800.0,250.0,23900.0,24100.0,23550.0,31437.0,762.0,762.0,758.0,758.0,758.0,750.0
763,2021.04.01,24050.0,100.0,23850.0,24250.0,23550.0,27251.0,763.0,763.0,759.0,759.0,759.0,751.0
764,2021.03.31,23950.0,250.0,24100.0,24250.0,23800.0,24620.0,764.0,764.0,760.0,760.0,760.0,752.0
765,2021.03.30,24200.0,0.0,24100.0,24750.0,23900.0,56030.0,765.0,765.0,761.0,761.0,761.0,753.0
766,2021.03.29,24200.0,1000.0,25100.0,25200.0,24200.0,71845.0,766.0,766.0,762.0,762.0,762.0,754.0
767,2021.03.26,25200.0,550.0,26000.0,26100.0,24900.0,34281.0,767.0,767.0,763.0,763.0,763.0,755.0
768,2021.03.25,25750.0,250.0,25150.0,26050.0,25150.0,17328.0,768.0,768.0,764.0,764.0,764.0,756.0
769,2021.03.24,25500.0,500.0,25000.0,25550.0,24700.0,20597.0,769.0,769.0,765.0,765.0,765.0,757.0
770,2021.03.23,25000.0,300.0,25200.0,25300.0,24950.0,23546.0,770.0,770.0,766.0,766.0,766.0,758.0
771,2021.03.22,25300.0,550.0,25800.0,25800.0,25000.0,27952.0,771.0,771.0,767.0,767.0,767.0,759.0
772,2021.03.19,25850.0,50.0,25750.0,26200.0,25250.0,57772.0,772.0,772.0,768.0,768.0,768.0,760.0
773,2021.03.18,25900.0,50.0,26150.0,26600.0,25800.0,22172.0,773.0,773.0,769.0,769.0,769.0,761.0
774,2021.03.17,25850.0,50.0,25800.0,26000.0,25550.0,18033.0,774.0,774.0,770.0,770.0,770.0,762.0
775,2021.03.16,25800.0,400.0,26200.0,26350.0,25500.0,50683.0,775.0,775.0,771.0,771.0,771.0,763.0
776,2021.03.15,26200.0,250.0,26000.0,27100.0,26000.0,15878.0,776.0,776.0,772.0,772.0,772.0,764.0
777,2021.03.12,26450.0,500.0,26300.0,26850.0,25750.0,27303.0,777.0,777.0,773.0,773.0,773.0,765.0
778,2021.03.11,25950.0,200.0,25750.0,26500.0,25200.0,17019.0,778.0,778.0,774.0,774.0,774.0,766.0
779,2021.03.10,25750.0,500.0,26650.0,26950.0,25700.0,11548.0,779.0,779.0,775.0,775.0,775.0,767.0
780,2021.03.09,26250.0,150.0,26600.0,26600.0,25650.0,23740.0,780.0,780.0,776.0,776.0,776.0,768.0
781,2021.03.08,26400.0,850.0,27500.0,28050.0,26400.0,47002.0,781.0,781.0,777.0,777.0,777.0,769.0
782,2021.03.05,27250.0,100.0,27000.0,27400.0,26450.0,24751.0,782.0,782.0,778.0,778.0,778.0,770.0
783,2021.03.04,27150.0,450.0,26700.0,27600.0,26200.0,51854.0,783.0,783.0,779.0,779.0,779.0,771.0
784,2021.03.03,26700.0,2000.0,24500.0,27800.0,24500.0,113508.0,784.0,784.0,780.0,780.0,780.0,772.0
785,2021.03.02,24700.0,300.0,24750.0,25150.0,24400.0,29890.0,785.0,785.0,781.0,781.0,781.0,773.0
786,2021.02.26,24400.0,1050.0,25000.0,25000.0,24100.0,39214.0,786.0,786.0,782.0,782.0,782.0,774.0
787,2021.02.25,25450.0,650.0,24950.0,25600.0,24950.0,33173.0,787.0,787.0,783.0,783.0,783.0,775.0
788,2021.02.24,24800.0,1250.0,26200.0,26350.0,24050.0,72415.0,788.0,788.0,784.0,784.0,784.0,776.0
789,2021.02.23,26050.0,550.0,26050.0,26500.0,25950.0,39110.0,789.0,789.0,785.0,785.0,785.0,777.0
790,2021.02.22,26600.0,50.0,26950.0,26950.0,26400.0,26646.0,790.0,790.0,786.0,786.0,786.0,778.0
791,2021.02.19,26650.0,150.0,26400.0,27000.0,25950.0,64453.0,791.0,791.0,787.0,787.0,787.0,779.0
792,2021.02.18,26800.0,200.0,27000.0,27400.0,26700.0,27794.0,792.0,792.0,788.0,788.0,788.0,780.0
793,2021.02.17,27000.0,450.0,26700.0,27800.0,26200.0,66613.0,793.0,793.0,789.0,789.0,789.0,781.0
794,2021.02.16,26550.0,700.0,27000.0,27000.0,26200.0,77522.0,794.0,794.0,790.0,790.0,790.0,782.0
795,2021.02.15,27250.0,150.0,27250.0,27500.0,26900.0,27462.0,795.0,795.0,791.0,791.0,791.0,783.0
796,2021.02.10,27100.0,450.0,26950.0,27200.0,26550.0,31961.0,796.0,796.0,792.0,792.0,792.0,784.0
797,2021.02.09,26650.0,200.0,26800.0,27450.0,26450.0,40467.0,797.0,797.0,793.0,793.0,793.0,785.0
798,2021.02.08,26850.0,50.0,27100.0,27650.0,26600.0,52367.0,798.0,798.0,794.0,794.0,794.0,786.0
799,2021.02.05,26800.0,300.0,26750.0,26950.0,26200.0,50162.0,799.0,799.0,795.0,795.0,795.0,787.0
800,2021.02.04,26500.0,900.0,27300.0,27550.0,26050.0,89301.0,800.0,800.0,796.0,796.0,796.0,788.0
801,2021.02.03,27400.0,0.0,27550.0,27800.0,27150.0,38082.0,801.0,801.0,797.0,797.0,797.0,789.0
802,2021.02.02,27400.0,400.0,27250.0,28000.0,27150.0,45401.0,802.0,802.0,798.0,798.0,798.0,790.0
803,2021.02.01,27000.0,50.0,26750.0,27400.0,26000.0,54580.0,803.0,803.0,799.0,799.0,799.0,791.0
804,2021.01.29,27050.0,1150.0,28250.0,28800.0,26500.0,120162.0,804.0,804.0,800.0,800.0,800.0,792.0
805,2021.01.28,28200.0,800.0,28850.0,28850.0,27700.0,63186.0,805.0,805.0,801.0,801.0,801.0,793.0
806,2021.01.27,29000.0,400.0,28600.0,29350.0,28600.0,60756.0,806.0,806.0,802.0,802.0,802.0,794.0
807,2021.01.26,28600.0,800.0,29150.0,29500.0,28400.0,78306.0,807.0,807.0,803.0,803.0,803.0,795.0
808,2021.01.25,29400.0,50.0,29450.0,29550.0,28900.0,74504.0,808.0,808.0,804.0,804.0,804.0,796.0
809,2021.01.22,29350.0,300.0,29650.0,29750.0,29100.0,53880.0,809.0,809.0,805.0,805.0,805.0,797.0
810,2021.01.21,29650.0,150.0,29500.0,30900.0,29250.0,74796.0,810.0,810.0,806.0,806.0,806.0,798.0
811,2021.01.20,29500.0,650.0,28850.0,29700.0,28700.0,75696.0,811.0,811.0,807.0,807.0,807.0,799.0
812,2021.01.19,28850.0,450.0,28400.0,29200.0,28250.0,49414.0,812.0,812.0,808.0,808.0,808.0,800.0
813,2021.01.18,28400.0,400.0,28300.0,29000.0,28000.0,92756.0,813.0,813.0,809.0,809.0,809.0,801.0
814,2021.01.15,28800.0,500.0,29600.0,29600.0,28750.0,74481.0,814.0,814.0,810.0,810.0,810.0,802.0
815,2021.01.14,29300.0,200.0,29550.0,29900.0,28800.0,132966.0,815.0,815.0,811.0,811.0,811.0,803.0
816,2021.01.13,29500.0,250.0,30150.0,30150.0,29050.0,121821.0,816.0,816.0,812.0,812.0,812.0,804.0
817,2021.01.12,29750.0,150.0,29550.0,32500.0,28800.0,470314.0,817.0,817.0,813.0,813.0,813.0,805.0
818,2021.01.11,29600.0,1300.0,30900.0,31200.0,28850.0,173294.0,818.0,818.0,814.0,814.0,814.0,806.0
819,2021.01.08,30900.0,1650.0,32600.0,32600.0,30800.0,144571.0,819.0,819.0,815.0,815.0,815.0,807.0
820,2021.01.07,32550.0,500.0,32100.0,32750.0,31600.0,80832.0,820.0,820.0,816.0,816.0,816.0,808.0
821,2021.01.06,32050.0,1400.0,33300.0,33550.0,31950.0,119740.0,821.0,821.0,817.0,817.0,817.0,809.0
822,2021.01.05,33450.0,850.0,32600.0,33950.0,32250.0,196478.0,822.0,822.0,818.0,818.0,818.0,810.0
823,2021.01.04,32600.0,100.0,32600.0,32900.0,32100.0,90166.0,823.0,823.0,819.0,819.0,819.0,811.0
824,2020.12.30,32700.0,450.0,31950.0,33100.0,31750.0,83044.0,824.0,824.0,820.0,820.0,820.0,812.0
825,2020.12.29,32250.0,1450.0,31000.0,32750.0,31000.0,104650.0,825.0,825.0,821.0,821.0,821.0,813.0
826,2020.12.28,30800.0,400.0,31200.0,31500.0,30600.0,56165.0,826.0,826.0,822.0,822.0,822.0,814.0
827,2020.12.24,31200.0,250.0,31350.0,31450.0,30600.0,42922.0,827.0,827.0,823.0,823.0,823.0,815.0
828,2020.12.23,30950.0,50.0,31550.0,31550.0,30500.0,73352.0,828.0,828.0,824.0,824.0,824.0,816.0
829,2020.12.22,31000.0,1600.0,32500.0,32500.0,30600.0,140246.0,829.0,829.0,825.0,825.0,825.0,817.0
830,2020.12.21,32600.0,600.0,33050.0,33450.0,32300.0,98742.0,830.0,830.0,826.0,826.0,826.0,818.0
831,2020.12.18,33200.0,800.0,33000.0,33800.0,32750.0,135195.0,831.0,831.0,827.0,827.0,827.0,819.0
832,2020.12.17,32400.0,1050.0,33450.0,33450.0,32000.0,117566.0,832.0,832.0,828.0,828.0,828.0,820.0
833,2020.12.16,33450.0,250.0,33750.0,33900.0,32900.0,86823.0,833.0,833.0,829.0,829.0,829.0,821.0
834,2020.12.15,33700.0,450.0,33300.0,33800.0,31800.0,174409.0,834.0,834.0,830.0,830.0,830.0,822.0
835,2020.12.14,33250.0,900.0,32350.0,34500.0,32300.0,390232.0,835.0,835.0,831.0,831.0,831.0,823.0
836,2020.12.11,32350.0,2050.0,30350.0,33350.0,30100.0,554032.0,836.0,836.0,832.0,832.0,832.0,824.0
837,2020.12.10,30300.0,300.0,29550.0,30450.0,29250.0,134506.0,837.0,837.0,833.0,833.0,833.0,825.0
838,2020.12.09,30000.0,1350.0,29050.0,30100.0,28750.0,125233.0,838.0,838.0,834.0,834.0,834.0,826.0
839,2020.12.08,28650.0,650.0,29450.0,29450.0,28600.0,54689.0,839.0,839.0,835.0,835.0,835.0,827.0
840,2020.12.07,29300.0,150.0,28900.0,29550.0,28450.0,69090.0,840.0,840.0,836.0,836.0,836.0,828.0
841,2020.12.04,29150.0,750.0,30000.0,30000.0,29000.0,65904.0,841.0,841.0,837.0,837.0,837.0,829.0
842,2020.12.03,29900.0,100.0,30500.0,30500.0,29650.0,105224.0,842.0,842.0,838.0,838.0,838.0,830.0
843,2020.12.02,30000.0,1900.0,28400.0,30000.0,28250.0,172661.0,843.0,843.0,839.0,839.0,839.0,831.0
844,2020.12.01,28100.0,50.0,28000.0,28750.0,27900.0,34538.0,844.0,844.0,840.0,840.0,840.0,832.0
845,2020.11.30,28150.0,600.0,28700.0,29150.0,27900.0,60859.0,845.0,845.0,841.0,841.0,841.0,833.0
846,2020.11.27,28750.0,300.0,29150.0,29300.0,28550.0,43347.0,846.0,846.0,842.0,842.0,842.0,834.0
847,2020.11.26,29050.0,100.0,28950.0,29350.0,28700.0,38005.0,847.0,847.0,843.0,843.0,843.0,835.0
848,2020.11.25,28950.0,1100.0,30050.0,30300.0,28600.0,115472.0,848.0,848.0,844.0,844.0,844.0,836.0
849,2020.11.24,30050.0,300.0,29900.0,30200.0,29600.0,63208.0,849.0,849.0,845.0,845.0,845.0,837.0
850,2020.11.23,29750.0,250.0,30000.0,30250.0,29500.0,72217.0,850.0,850.0,846.0,846.0,846.0,838.0
851,2020.11.20,30000.0,100.0,30400.0,30700.0,29800.0,79346.0,851.0,851.0,847.0,847.0,847.0,839.0
852,2020.11.19,30100.0,50.0,30100.0,30450.0,29500.0,75865.0,852.0,852.0,848.0,848.0,848.0,840.0
853,2020.11.18,30050.0,1000.0,29100.0,30750.0,29000.0,168940.0,853.0,853.0,849.0,849.0,849.0,841.0
854,2020.11.17,29050.0,200.0,29000.0,29600.0,28550.0,65417.0,854.0,854.0,850.0,850.0,850.0,842.0
855,2020.11.16,28850.0,1050.0,29900.0,29900.0,28350.0,123122.0,855.0,855.0,851.0,851.0,851.0,843.0
856,2020.11.13,29900.0,0.0,30050.0,31200.0,29600.0,199410.0,856.0,856.0,852.0,852.0,852.0,844.0
857,2020.11.12,29900.0,950.0,29000.0,30500.0,28700.0,147992.0,857.0,857.0,853.0,853.0,853.0,845.0
858,2020.11.11,28950.0,300.0,29250.0,29400.0,28500.0,54233.0,858.0,858.0,854.0,854.0,854.0,846.0
859,2020.11.10,29250.0,750.0,29150.0,29800.0,28450.0,128056.0,859.0,859.0,855.0,855.0,855.0,847.0
860,2020.11.09,28500.0,950.0,27600.0,28800.0,27600.0,81863.0,860.0,860.0,856.0,856.0,856.0,848.0
861,2020.11.06,27550.0,350.0,27700.0,28200.0,27300.0,33274.0,861.0,861.0,857.0,857.0,857.0,849.0
862,2020.11.05,27900.0,500.0,27800.0,28200.0,27400.0,57315.0,862.0,862.0,858.0,858.0,858.0,850.0
863,2020.11.04,27400.0,350.0,28050.0,28050.0,27000.0,38915.0,863.0,863.0,859.0,859.0,859.0,851.0
864,2020.11.03,27750.0,200.0,28300.0,28450.0,27600.0,36654.0,864.0,864.0,860.0,860.0,860.0,852.0
865,2020.11.02,27950.0,0.0,27900.0,28450.0,27550.0,40597.0,865.0,865.0,861.0,861.0,861.0,853.0
866,2020.10.30,27950.0,700.0,28900.0,28900.0,27850.0,43390.0,866.0,866.0,862.0,862.0,862.0,854.0
867,2020.10.29,28650.0,1650.0,26650.0,28850.0,26250.0,85020.0,867.0,867.0,863.0,863.0,863.0,855.0
868,2020.10.28,27000.0,1200.0,26200.0,27200.0,26100.0,49570.0,868.0,868.0,864.0,864.0,864.0,856.0
869,2020.10.27,25800.0,200.0,25450.0,26550.0,25450.0,31422.0,869.0,869.0,865.0,865.0,865.0,857.0
870,2020.10.26,26000.0,1050.0,27050.0,27150.0,25850.0,50933.0,870.0,870.0,866.0,866.0,866.0,858.0
871,2020.10.23,27050.0,150.0,27300.0,27300.0,26500.0,22554.0,871.0,871.0,867.0,867.0,867.0,859.0
872,2020.10.22,26900.0,350.0,27250.0,27250.0,26600.0,22112.0,872.0,872.0,868.0,868.0,868.0,860.0
873,2020.10.21,27250.0,0.0,26900.0,27900.0,26900.0,53738.0,873.0,873.0,869.0,869.0,869.0,861.0
874,2020.10.20,27250.0,50.0,26550.0,27350.0,26000.0,59412.0,874.0,874.0,870.0,870.0,870.0,862.0
875,2020.10.19,27200.0,800.0,28150.0,28250.0,27000.0,59056.0,875.0,875.0,871.0,871.0,871.0,863.0
876,2020.10.16,28000.0,500.0,28750.0,28750.0,27750.0,50524.0,876.0,876.0,872.0,872.0,872.0,864.0
877,2020.10.15,28500.0,1300.0,29750.0,29800.0,28000.0,112494.0,877.0,877.0,873.0,873.0,873.0,865.0
878,2020.10.14,29800.0,800.0,30400.0,30400.0,29400.0,96205.0,878.0,878.0,874.0,874.0,874.0,866.0
879,2020.10.13,30600.0,300.0,31100.0,31200.0,29900.0,144552.0,879.0,879.0,875.0,875.0,875.0,867.0
880,2020.10.12,30900.0,2350.0,29100.0,31000.0,28850.0,378939.0,880.0,880.0,876.0,876.0,876.0,868.0
881,2020.10.08,28550.0,100.0,28800.0,29150.0,28350.0,68930.0,881.0,881.0,877.0,877.0,877.0,869.0
882,2020.10.07,28650.0,350.0,28850.0,29000.0,28350.0,66728.0,882.0,882.0,878.0,878.0,878.0,870.0
883,2020.10.06,29000.0,50.0,28800.0,29600.0,28600.0,87051.0,883.0,883.0,879.0,879.0,879.0,871.0
884,2020.10.05,29050.0,600.0,29500.0,29650.0,28000.0,150873.0,884.0,884.0,880.0,880.0,880.0,872.0
885,2020.09.29,29650.0,2350.0,27350.0,32800.0,27350.0,1655214.0,885.0,885.0,881.0,881.0,881.0,873.0
886,2020.09.28,27300.0,1550.0,26000.0,28300.0,26000.0,75223.0,886.0,886.0,882.0,882.0,882.0,874.0
887,2020.09.25,25750.0,300.0,25500.0,26400.0,25250.0,33154.0,887.0,887.0,883.0,883.0,883.0,875.0
888,2020.09.24,25450.0,1200.0,26000.0,26450.0,25300.0,68276.0,888.0,888.0,884.0,884.0,884.0,876.0
889,2020.09.23,26650.0,650.0,27100.0,27250.0,26250.0,75512.0,889.0,889.0,885.0,885.0,885.0,877.0
890,2020.09.22,26000.0,900.0,26850.0,27500.0,25950.0,76364.0,890.0,890.0,886.0,886.0,886.0,878.0
891,2020.09.21,26900.0,850.0,27950.0,28350.0,26600.0,71018.0,891.0,891.0,887.0,887.0,887.0,879.0
892,2020.09.18,27750.0,1050.0,28800.0,29650.0,27650.0,123744.0,892.0,892.0,888.0,888.0,888.0,880.0
893,2020.09.17,28800.0,400.0,28950.0,30350.0,28800.0,70002.0,893.0,893.0,889.0,889.0,889.0,881.0
894,2020.09.16,29200.0,1550.0,30600.0,30700.0,29200.0,102166.0,894.0,894.0,890.0,890.0,890.0,882.0
895,2020.09.15,30750.0,0.0,30700.0,30850.0,29950.0,57569.0,895.0,895.0,891.0,891.0,891.0,883.0
896,2020.09.14,30750.0,300.0,31100.0,31300.0,30500.0,76624.0,896.0,896.0,892.0,892.0,892.0,884.0
897,2020.09.11,31050.0,200.0,30400.0,31350.0,30400.0,67319.0,897.0,897.0,893.0,893.0,893.0,885.0
898,2020.09.10,30850.0,550.0,30500.0,31350.0,30050.0,71604.0,898.0,898.0,894.0,894.0,894.0,886.0
899,2020.09.09,30300.0,700.0,30250.0,30850.0,29850.0,136585.0,899.0,899.0,895.0,895.0,895.0,887.0
900,2020.09.08,31000.0,600.0,32050.0,32100.0,31000.0,99025.0,900.0,900.0,896.0,896.0,896.0,888.0
901,2020.09.07,31600.0,750.0,32450.0,32500.0,31050.0,139625.0,901.0,901.0,897.0,897.0,897.0,889.0
902,2020.09.04,32350.0,50.0,30650.0,32650.0,30600.0,216335.0,902.0,902.0,898.0,898.0,898.0,890.0
903,2020.09.03,32300.0,400.0,32000.0,32500.0,30950.0,190977.0,903.0,903.0,899.0,899.0,899.0,891.0
904,2020.09.02,31900.0,1400.0,30500.0,35000.0,30350.0,738510.0,904.0,904.0,900.0,900.0,900.0,892.0
905,2020.09.01,30500.0,1000.0,30650.0,31500.0,30000.0,275763.0,905.0,905.0,901.0,901.0,901.0,893.0
906,2020.08.31,29500.0,1850.0,27750.0,30000.0,27700.0,290547.0,906.0,906.0,902.0,902.0,902.0,894.0
907,2020.08.28,27650.0,1150.0,26500.0,28700.0,26500.0,136241.0,907.0,907.0,903.0,903.0,903.0,895.0
908,2020.08.27,26500.0,1450.0,27650.0,27900.0,26200.0,116366.0,908.0,908.0,904.0,904.0,904.0,896.0
909,2020.08.26,27950.0,1900.0,26250.0,28150.0,25450.0,187947.0,909.0,909.0,905.0,905.0,905.0,897.0
910,2020.08.25,26050.0,450.0,25500.0,26200.0,25000.0,81388.0,910.0,910.0,906.0,906.0,906.0,898.0
911,2020.08.24,25600.0,2050.0,23100.0,25900.0,22450.0,195614.0,911.0,911.0,907.0,907.0,907.0,899.0
912,2020.08.21,23550.0,1150.0,24750.0,25150.0,23500.0,134869.0,912.0,912.0,908.0,908.0,908.0,900.0
913,2020.08.20,24700.0,1400.0,25800.0,26500.0,24500.0,95555.0,913.0,913.0,909.0,909.0,909.0,901.0
914,2020.08.19,26100.0,200.0,25900.0,26500.0,25600.0,69097.0,914.0,914.0,910.0,910.0,910.0,902.0
915,2020.08.18,25900.0,2250.0,28000.0,28000.0,25500.0,139106.0,915.0,915.0,911.0,911.0,911.0,903.0
916,2020.08.14,28150.0,450.0,28750.0,29300.0,27700.0,73805.0,916.0,916.0,912.0,912.0,912.0,904.0
917,2020.08.13,28600.0,0.0,28200.0,29600.0,28200.0,100067.0,917.0,917.0,913.0,913.0,913.0,905.0
918,2020.08.12,28600.0,1550.0,28000.0,29850.0,27600.0,255816.0,918.0,918.0,914.0,914.0,914.0,906.0
919,2020.08.11,27050.0,600.0,27300.0,27750.0,26500.0,137639.0,919.0,919.0,915.0,915.0,915.0,907.0
920,2020.08.10,27650.0,1200.0,28850.0,29100.0,27350.0,181297.0,920.0,920.0,916.0,916.0,916.0,908.0
921,2020.08.07,28850.0,800.0,29950.0,29950.0,28850.0,110815.0,921.0,921.0,917.0,917.0,917.0,909.0
922,2020.08.06,29650.0,200.0,29450.0,30300.0,29350.0,99885.0,922.0,922.0,918.0,918.0,918.0,910.0
923,2020.08.05,29450.0,400.0,29900.0,30100.0,29250.0,104953.0,923.0,923.0,919.0,919.0,919.0,911.0
924,2020.08.04,29850.0,150.0,30000.0,30200.0,29600.0,66776.0,924.0,924.0,920.0,920.0,920.0,912.0
925,2020.08.03,29700.0,850.0,30400.0,30550.0,29500.0,90406.0,925.0,925.0,921.0,921.0,921.0,913.0
926,2020.07.31,30550.0,300.0,31150.0,31500.0,30000.0,85233.0,926.0,926.0,922.0,922.0,922.0,914.0
927,2020.07.30,30850.0,1200.0,29450.0,31350.0,29300.0,178759.0,927.0,927.0,923.0,923.0,923.0,915.0
928,2020.07.29,29650.0,150.0,29350.0,29850.0,29200.0,55876.0,928.0,928.0,924.0,924.0,924.0,916.0
929,2020.07.28,29500.0,250.0,30050.0,30200.0,29200.0,109177.0,929.0,929.0,925.0,925.0,925.0,917.0
930,2020.07.27,29750.0,350.0,29700.0,30100.0,29500.0,100508.0,930.0,930.0,926.0,926.0,926.0,918.0
931,2020.07.24,30100.0,900.0,30500.0,31150.0,30050.0,130680.0,931.0,931.0,927.0,927.0,927.0,919.0
932,2020.07.23,31000.0,0.0,31000.0,32700.0,30200.0,208201.0,932.0,932.0,928.0,928.0,928.0,920.0
933,2020.07.22,31000.0,500.0,31750.0,31750.0,30750.0,77316.0,933.0,933.0,929.0,929.0,929.0,921.0
934,2020.07.21,31500.0,250.0,32200.0,32200.0,31350.0,84809.0,934.0,934.0,930.0,930.0,930.0,922.0
935,2020.07.20,31750.0,700.0,33000.0,33000.0,31300.0,173504.0,935.0,935.0,931.0,931.0,931.0,923.0
936,2020.07.17,32450.0,1650.0,30900.0,32450.0,30000.0,166395.0,936.0,936.0,932.0,932.0,932.0,924.0
937,2020.07.16,30800.0,1050.0,29900.0,31300.0,29450.0,138911.0,937.0,937.0,933.0,933.0,933.0,925.0
938,2020.07.15,29750.0,200.0,29950.0,30650.0,29550.0,101446.0,938.0,938.0,934.0,934.0,934.0,926.0
939,2020.07.14,29550.0,350.0,29900.0,30050.0,29450.0,74784.0,939.0,939.0,935.0,935.0,935.0,927.0
940,2020.07.13,29900.0,400.0,30350.0,30550.0,29500.0,68605.0,940.0,940.0,936.0,936.0,936.0,928.0
941,2020.07.10,30300.0,600.0,30150.0,30600.0,29600.0,106712.0,941.0,941.0,937.0,937.0,937.0,929.0
942,2020.07.09,29700.0,1150.0,30900.0,31450.0,29650.0,132951.0,942.0,942.0,938.0,938.0,938.0,930.0
943,2020.07.08,30850.0,650.0,31250.0,31450.0,30650.0,63953.0,943.0,943.0,939.0,939.0,939.0,931.0
944,2020.07.07,31500.0,750.0,31100.0,31800.0,30800.0,95090.0,944.0,944.0,940.0,940.0,940.0,932.0
945,2020.07.06,30750.0,150.0,31250.0,31400.0,30050.0,53944.0,945.0,945.0,941.0,941.0,941.0,933.0
946,2020.07.03,30900.0,650.0,31700.0,31750.0,30600.0,80000.0,946.0,946.0,942.0,942.0,942.0,934.0
947,2020.07.02,31550.0,2950.0,28750.0,31700.0,28750.0,167606.0,947.0,947.0,943.0,943.0,943.0,935.0
948,2020.07.01,28600.0,1750.0,30600.0,30750.0,28500.0,107384.0,948.0,948.0,944.0,944.0,944.0,936.0
949,2020.06.30,30350.0,550.0,30350.0,30550.0,28300.0,193265.0,949.0,949.0,945.0,945.0,945.0,937.0
950,2020.06.29,29800.0,2100.0,31050.0,31450.0,29800.0,167109.0,950.0,950.0,946.0,946.0,946.0,938.0
951,2020.06.26,31900.0,500.0,32900.0,33200.0,31600.0,76751.0,951.0,951.0,947.0,947.0,947.0,939.0
952,2020.06.25,32400.0,950.0,32400.0,33450.0,32000.0,126850.0,952.0,952.0,948.0,948.0,948.0,940.0
953,2020.06.24,33350.0,1400.0,31950.0,34700.0,31950.0,220857.0,953.0,953.0,949.0,949.0,949.0,941.0
954,2020.06.23,31950.0,1900.0,33850.0,33950.0,31950.0,263275.0,954.0,954.0,950.0,950.0,950.0,942.0
955,2020.06.22,33850.0,650.0,35000.0,35000.0,33700.0,91656.0,955.0,955.0,951.0,951.0,951.0,943.0
956,2020.06.19,34500.0,550.0,34200.0,35300.0,32850.0,171263.0,956.0,956.0,952.0,952.0,952.0,944.0
957,2020.06.18,33950.0,750.0,35000.0,35000.0,33750.0,138265.0,957.0,957.0,953.0,953.0,953.0,945.0
958,2020.06.17,34700.0,1450.0,35800.0,36300.0,34100.0,200776.0,958.0,958.0,954.0,954.0,954.0,946.0
959,2020.06.16,36150.0,2600.0,35000.0,36150.0,34500.0,249397.0,959.0,959.0,955.0,955.0,955.0,947.0
960,2020.06.15,33550.0,3500.0,36600.0,38300.0,33500.0,476424.0,960.0,960.0,956.0,956.0,956.0,948.0
961,2020.06.12,37050.0,200.0,35300.0,37200.0,34400.0,374577.0,961.0,961.0,957.0,957.0,957.0,949.0
962,2020.06.11,37250.0,850.0,37100.0,39550.0,36400.0,562922.0,962.0,962.0,958.0,958.0,958.0,950.0
963,2020.06.10,36400.0,2750.0,33850.0,36850.0,33600.0,581742.0,963.0,963.0,959.0,959.0,959.0,951.0
964,2020.06.09,33650.0,200.0,33800.0,34200.0,32200.0,206205.0,964.0,964.0,960.0,960.0,960.0,952.0
965,2020.06.08,33450.0,750.0,34400.0,34750.0,32550.0,263308.0,965.0,965.0,961.0,961.0,961.0,953.0
966,2020.06.05,34200.0,50.0,34000.0,35100.0,34000.0,131833.0,966.0,966.0,962.0,962.0,962.0,954.0
967,2020.06.04,34150.0,900.0,35050.0,35050.0,34050.0,145053.0,967.0,967.0,963.0,963.0,963.0,955.0
968,2020.06.03,35050.0,400.0,35150.0,35450.0,33200.0,376774.0,968.0,968.0,964.0,964.0,964.0,956.0
969,2020.06.02,34650.0,1400.0,36050.0,36050.0,34550.0,288174.0,969.0,969.0,965.0,965.0,965.0,957.0
970,2020.06.01,36050.0,150.0,36050.0,36600.0,35400.0,183982.0,970.0,970.0,966.0,966.0,966.0,958.0
971,2020.05.29,35900.0,300.0,35850.0,36850.0,35100.0,223853.0,971.0,971.0,967.0,967.0,967.0,959.0
972,2020.05.28,36200.0,550.0,37700.0,37900.0,34950.0,417135.0,972.0,972.0,968.0,968.0,968.0,960.0
973,2020.05.27,36750.0,1050.0,35350.0,36750.0,34500.0,288171.0,973.0,973.0,969.0,969.0,969.0,961.0
974,2020.05.26,35700.0,200.0,36700.0,37850.0,35700.0,418215.0,974.0,974.0,970.0,970.0,970.0,962.0
975,2020.05.25,35900.0,2500.0,33100.0,35900.0,33050.0,305654.0,975.0,975.0,971.0,971.0,971.0,963.0
976,2020.05.22,33400.0,1150.0,34500.0,35100.0,31600.0,395935.0,976.0,976.0,972.0,972.0,972.0,964.0
977,2020.05.21,34550.0,500.0,34900.0,35650.0,34100.0,298892.0,977.0,977.0,973.0,973.0,973.0,965.0
978,2020.05.20,35050.0,700.0,35500.0,37250.0,34100.0,683790.0,978.0,978.0,974.0,974.0,974.0,966.0
979,2020.05.19,35750.0,3150.0,33500.0,36650.0,32550.0,769818.0,979.0,979.0,975.0,975.0,975.0,967.0
980,2020.05.18,32600.0,1450.0,31250.0,34000.0,30800.0,627422.0,980.0,980.0,976.0,976.0,976.0,968.0
981,2020.05.15,31150.0,1800.0,29900.0,31950.0,28750.0,698608.0,981.0,981.0,977.0,977.0,977.0,969.0
982,2020.05.14,29350.0,1500.0,27350.0,29350.0,26900.0,538088.0,982.0,982.0,978.0,978.0,978.0,970.0
983,2020.05.13,27850.0,400.0,27750.0,27900.0,27350.0,228601.0,983.0,983.0,979.0,979.0,979.0,971.0
984,2020.05.12,28250.0,50.0,28500.0,28500.0,27150.0,249139.0,984.0,984.0,980.0,980.0,980.0,972.0
985,2020.05.11,28200.0,50.0,28700.0,28750.0,27500.0,291081.0,985.0,985.0,981.0,981.0,981.0,973.0
986,2020.05.08,28250.0,200.0,28600.0,29100.0,27200.0,448479.0,986.0,986.0,982.0,982.0,982.0,974.0
987,2020.05.07,28050.0,1150.0,27100.0,29000.0,26900.0,512597.0,987.0,987.0,983.0,983.0,983.0,975.0
988,2020.05.06,26900.0,1100.0,26550.0,27100.0,25800.0,377069.0,988.0,988.0,984.0,984.0,984.0,976.0
989,2020.05.04,25800.0,650.0,25700.0,26950.0,25500.0,366407.0,989.0,989.0,985.0,985.0,985.0,977.0
990,2020.04.29,26450.0,350.0,26700.0,28250.0,26200.0,552026.0,990.0,990.0,986.0,986.0,986.0,978.0
991,2020.04.28,26800.0,2150.0,25200.0,27150.0,25150.0,909559.0,991.0,991.0,987.0,987.0,987.0,979.0
992,2020.04.27,24650.0,1050.0,23800.0,25150.0,23550.0,314341.0,992.0,992.0,988.0,988.0,988.0,980.0
993,2020.04.24,23600.0,1150.0,24450.0,24900.0,23250.0,240731.0,993.0,993.0,989.0,989.0,989.0,981.0
994,2020.04.23,24750.0,600.0,24300.0,25700.0,23450.0,448561.0,994.0,994.0,990.0,990.0,990.0,982.0
995,2020.04.22,24150.0,750.0,23000.0,24150.0,22500.0,165002.0,995.0,995.0,991.0,991.0,991.0,983.0
996,2020.04.21,23400.0,150.0,23300.0,24200.0,21950.0,319838.0,996.0,996.0,992.0,992.0,992.0,984.0
997,2020.04.20,23550.0,750.0,24400.0,25050.0,23050.0,231685.0,997.0,997.0,993.0,993.0,993.0,985.0
998,2020.04.17,24300.0,100.0,25350.0,25350.0,24100.0,264759.0,998.0,998.0,994.0,994.0,994.0,986.0
999,2020.04.16,24400.0,1600.0,22550.0,24400.0,22500.0,310320.0,999.0,999.0,995.0,995.0,995.0,987.0
1000,2020.04.14,22800.0,550.0,22600.0,23500.0,22500.0,187322.0,1000.0,1000.0,996.0,996.0,996.0,988.0
1001,2020.04.13,22250.0,1050.0,22900.0,24100.0,22250.0,331047.0,1001.0,1001.0,997.0,997.0,997.0,989.0
1002,2020.04.10,23300.0,600.0,24050.0,24850.0,22350.0,466884.0,1002.0,1002.0,998.0,998.0,998.0,990.0
1003,2020.04.09,23900.0,2150.0,22400.0,25000.0,22050.0,860213.0,1003.0,1003.0,999.0,999.0,999.0,991.0
1004,2020.04.08,21750.0,550.0,22250.0,22650.0,21200.0,340727.0,1004.0,1004.0,1000.0,1000.0,1000.0,992.0
1005,2020.04.07,22300.0,300.0,23350.0,23400.0,21400.0,280333.0,1005.0,1005.0,1001.0,1001.0,1001.0,993.0
1006,2020.04.06,22600.0,400.0,22350.0,22800.0,21850.0,267979.0,1006.0,1006.0,1002.0,1002.0,1002.0,994.0
1007,2020.04.03,22200.0,350.0,22200.0,23150.0,21500.0,347554.0,1007.0,1007.0,1003.0,1003.0,1003.0,995.0
1008,2020.04.02,21850.0,1100.0,21350.0,21850.0,20000.0,249893.0,1008.0,1008.0,1004.0,1004.0,1004.0,996.0
1009,2020.04.01,20750.0,2000.0,22300.0,22800.0,20750.0,470829.0,1009.0,1009.0,1005.0,1005.0,1005.0,997.0
1010,2020.03.31,22750.0,100.0,22850.0,25250.0,21750.0,636752.0,1010.0,1010.0,1006.0,1006.0,1006.0,998.0
1011,2020.03.30,22850.0,1200.0,20600.0,23000.0,20350.0,365891.0,1011.0,1011.0,1007.0,1007.0,1007.0,999.0
1012,2020.03.27,21650.0,800.0,22200.0,23100.0,20350.0,508015.0,1012.0,1012.0,1008.0,1008.0,1008.0,1000.0
1013,2020.03.26,20850.0,350.0,20500.0,22500.0,20050.0,617451.0,1013.0,1013.0,1009.0,1009.0,1009.0,1001.0
1014,2020.03.25,20500.0,2150.0,19150.0,22500.0,18700.0,1105898.0,1014.0,1014.0,1010.0,1010.0,1010.0,1002.0
1015,2020.03.24,18350.0,4200.0,14950.0,18350.0,14600.0,827822.0,1015.0,1015.0,1011.0,1011.0,1011.0,1003.0
1016,2020.03.23,14150.0,2950.0,15000.0,16200.0,14000.0,689827.0,1016.0,1016.0,1012.0,1012.0,1012.0,1004.0
1017,2020.03.20,17100.0,1550.0,16200.0,17750.0,14600.0,626188.0,1017.0,1017.0,1013.0,1013.0,1013.0,1005.0
1018,2020.03.19,15550.0,4450.0,21750.0,21800.0,14600.0,761866.0,1018.0,1018.0,1014.0,1014.0,1014.0,1006.0
1019,2020.03.18,20000.0,3450.0,23000.0,24100.0,20000.0,445876.0,1019.0,1019.0,1015.0,1015.0,1015.0,1007.0
1020,2020.03.17,23450.0,1250.0,21000.0,24050.0,20550.0,525300.0,1020.0,1020.0,1016.0,1016.0,1016.0,1008.0
1021,2020.03.16,22200.0,2800.0,25400.0,27100.0,22200.0,397043.0,1021.0,1021.0,1017.0,1017.0,1017.0,1009.0
1022,2020.03.13,25000.0,2550.0,24450.0,26800.0,20400.0,544342.0,1022.0,1022.0,1018.0,1018.0,1018.0,1010.0
1023,2020.03.12,27550.0,3050.0,30100.0,30400.0,26000.0,475289.0,1023.0,1023.0,1019.0,1019.0,1019.0,1011.0
1024,2020.03.11,30600.0,1400.0,32000.0,32600.0,30000.0,252644.0,1024.0,1024.0,1020.0,1020.0,1020.0,1012.0
1025,2020.03.10,32000.0,3600.0,28650.0,32750.0,28000.0,592717.0,1025.0,1025.0,1021.0,1021.0,1021.0,1013.0
1026,2020.03.09,28400.0,3400.0,30700.0,31150.0,28200.0,239196.0,1026.0,1026.0,1022.0,1022.0,1022.0,1014.0
1027,2020.03.06,31800.0,450.0,31200.0,32800.0,30700.0,156237.0,1027.0,1027.0,1023.0,1023.0,1023.0,1015.0
1028,2020.03.05,31350.0,250.0,31550.0,32800.0,31000.0,160396.0,1028.0,1028.0,1024.0,1024.0,1024.0,1016.0
1029,2020.03.04,31100.0,600.0,30400.0,31500.0,29950.0,154399.0,1029.0,1029.0,1025.0,1025.0,1025.0,1017.0
1030,2020.03.03,30500.0,250.0,31400.0,31900.0,30500.0,147740.0,1030.0,1030.0,1026.0,1026.0,1026.0,1018.0
1031,2020.03.02,30750.0,400.0,30950.0,31650.0,28650.0,259548.0,1031.0,1031.0,1027.0,1027.0,1027.0,1019.0
1032,2020.02.28,31150.0,1500.0,31800.0,31950.0,29200.0,230309.0,1032.0,1032.0,1028.0,1028.0,1028.0,1020.0
1033,2020.02.27,32650.0,1000.0,33800.0,35100.0,31500.0,265042.0,1033.0,1033.0,1029.0,1029.0,1029.0,1021.0
1034,2020.02.26,33650.0,1800.0,31050.0,33950.0,30500.0,243388.0,1034.0,1034.0,1030.0,1030.0,1030.0,1022.0
1035,2020.02.25,31850.0,1150.0,31000.0,32150.0,29700.0,222477.0,1035.0,1035.0,1031.0,1031.0,1031.0,1023.0
1036,2020.02.24,30700.0,2300.0,31200.0,32200.0,30500.0,201022.0,1036.0,1036.0,1032.0,1032.0,1032.0,1024.0
1037,2020.02.21,33000.0,1350.0,33550.0,34550.0,32800.0,130506.0,1037.0,1037.0,1033.0,1033.0,1033.0,1025.0
1038,2020.02.20,34350.0,650.0,33650.0,34750.0,32900.0,148971.0,1038.0,1038.0,1034.0,1034.0,1034.0,1026.0
1039,2020.02.19,33700.0,2850.0,31000.0,33800.0,30050.0,298695.0,1039.0,1039.0,1035.0,1035.0,1035.0,1027.0
1040,2020.02.18,30850.0,50.0,30500.0,30850.0,29950.0,148546.0,1040.0,1040.0,1036.0,1036.0,1036.0,1028.0
1041,2020.02.17,30900.0,400.0,30800.0,31650.0,29700.0,111428.0,1041.0,1041.0,1037.0,1037.0,1037.0,1029.0
1042,2020.02.14,30500.0,1800.0,28600.0,31200.0,28000.0,183082.0,1042.0,1042.0,1038.0,1038.0,1038.0,1030.0
1043,2020.02.13,28700.0,500.0,29200.0,29250.0,27800.0,107601.0,1043.0,1043.0,1039.0,1039.0,1039.0,1031.0
1044,2020.02.12,29200.0,50.0,28900.0,29450.0,28250.0,149604.0,1044.0,1044.0,1040.0,1040.0,1040.0,1032.0
1045,2020.02.11,29250.0,0.0,29250.0,30800.0,28500.0,144192.0,1045.0,1045.0,1041.0,1041.0,1041.0,1033.0
1046,2020.02.10,29250.0,1300.0,28050.0,29800.0,27200.0,211566.0,1046.0,1046.0,1042.0,1042.0,1042.0,1034.0
1047,2020.02.07,27950.0,1850.0,25800.0,28350.0,25800.0,267154.0,1047.0,1047.0,1043.0,1043.0,1043.0,1035.0
1048,2020.02.06,26100.0,1050.0,27350.0,27900.0,25350.0,359036.0,1048.0,1048.0,1044.0,1044.0,1044.0,1036.0
1049,2020.02.05,27150.0,1400.0,28550.0,28600.0,26750.0,240984.0,1049.0,1049.0,1045.0,1045.0,1045.0,1037.0
1050,2020.02.04,28550.0,100.0,29600.0,32400.0,26900.0,784883.0,1050.0,1050.0,1046.0,1046.0,1046.0,1038.0
1051,2020.02.03,28450.0,150.0,27350.0,29200.0,26250.0,256588.0,1051.0,1051.0,1047.0,1047.0,1047.0,1039.0
1052,2020.01.31,28300.0,150.0,28500.0,30000.0,27250.0,234296.0,1052.0,1052.0,1048.0,1048.0,1048.0,1040.0
1053,2020.01.30,28450.0,50.0,28150.0,30750.0,27500.0,424569.0,1053.0,1053.0,1049.0,1049.0,1049.0,1041.0
1054,2020.01.29,28500.0,3500.0,25250.0,29300.0,24600.0,616444.0,1054.0,1054.0,1050.0,1050.0,1050.0,1042.0
1055,2020.01.28,25000.0,0.0,24000.0,25800.0,23000.0,327502.0,1055.0,1055.0,1051.0,1051.0,1051.0,1043.0
1056,2020.01.23,25000.0,650.0,24000.0,25700.0,23050.0,293169.0,1056.0,1056.0,1052.0,1052.0,1052.0,1044.0
1057,2020.01.22,24350.0,1250.0,23000.0,24750.0,22750.0,303388.0,1057.0,1057.0,1053.0,1053.0,1053.0,1045.0
1058,2020.01.21,23100.0,300.0,23750.0,23800.0,22200.0,289965.0,1058.0,1058.0,1054.0,1054.0,1054.0,1046.0
1059,2020.01.20,23400.0,2400.0,22000.0,23850.0,21750.0,648775.0,1059.0,1059.0,1055.0,1055.0,1055.0,1047.0
1060,2020.01.17,21000.0,1500.0,19600.0,22350.0,19550.0,1056257.0,1060.0,1060.0,1056.0,1056.0,1056.0,1048.0
1061,2020.01.16,19500.0,50.0,19100.0,20000.0,18550.0,500961.0,1061.0,1061.0,1057.0,1057.0,1057.0,1049.0
1062,2020.01.15,19450.0,2250.0,17800.0,19550.0,17150.0,1112818.0,1062.0,1062.0,1058.0,1058.0,1058.0,1050.0
1063,2020.01.14,17200.0,2600.0,14600.0,18450.0,14600.0,853231.0,1063.0,1063.0,1059.0,1059.0,1059.0,1051.0
1064,2020.01.13,14600.0,650.0,14000.0,14800.0,13900.0,126158.0,1064.0,1064.0,1060.0,1060.0,1060.0,1052.0
1065,2020.01.10,13950.0,1000.0,13100.0,14250.0,13100.0,211992.0,1065.0,1065.0,1061.0,1061.0,1061.0,1053.0
1066,2020.01.09,12950.0,450.0,12850.0,13050.0,12700.0,37526.0,1066.0,1066.0,1062.0,1062.0,1062.0,1054.0
1067,2020.01.08,12500.0,700.0,13250.0,13250.0,12100.0,92486.0,1067.0,1067.0,1063.0,1063.0,1063.0,1055.0
1068,2020.01.07,13200.0,50.0,13200.0,13450.0,13000.0,30449.0,1068.0,1068.0,1064.0,1064.0,1064.0,1056.0
1069,2020.01.06,13150.0,350.0,13200.0,13450.0,12750.0,65274.0,1069.0,1069.0,1065.0,1065.0,1065.0,1057.0
1070,2020.01.03,13500.0,0.0,13400.0,14100.0,13300.0,104069.0,1070.0,1070.0,1066.0,1066.0,1066.0,1058.0
1071,2020.01.02,13500.0,300.0,13350.0,14000.0,13000.0,124038.0,1071.0,1071.0,1067.0,1067.0,1067.0,1059.0
1072,2019.12.30,13200.0,350.0,13150.0,13250.0,12700.0,117669.0,1072.0,1072.0,1068.0,1068.0,1068.0,1060.0
1073,2019.12.27,12850.0,900.0,11950.0,13000.0,11700.0,270154.0,1073.0,1073.0,1069.0,1069.0,1069.0,1061.0
1074,2019.12.26,11950.0,900.0,11050.0,12000.0,10900.0,191604.0,1074.0,1074.0,1070.0,1070.0,1070.0,1062.0
1075,2019.12.24,11050.0,550.0,11700.0,11800.0,11050.0,118455.0,1075.0,1075.0,1071.0,1071.0,1071.0,1063.0
1076,2019.12.23,11600.0,550.0,12200.0,12250.0,11600.0,146834.0,1076.0,1076.0,1072.0,1072.0,1072.0,1064.0
1077,2019.12.20,12150.0,250.0,11900.0,12600.0,11800.0,239809.0,1077.0,1077.0,1073.0,1073.0,1073.0,1065.0
1078,2019.12.19,11900.0,250.0,11750.0,12350.0,11650.0,234376.0,1078.0,1078.0,1074.0,1074.0,1074.0,1066.0
1079,2019.12.18,11650.0,300.0,12000.0,12200.0,11650.0,127442.0,1079.0,1079.0,1075.0,1075.0,1075.0,1067.0
1080,2019.12.17,11950.0,100.0,11850.0,12200.0,11800.0,175242.0,1080.0,1080.0,1076.0,1076.0,1076.0,1068.0
1081,2019.12.16,11850.0,450.0,12400.0,12400.0,11750.0,201903.0,1081.0,1081.0,1077.0,1077.0,1077.0,1069.0
1082,2019.12.13,12300.0,50.0,12550.0,12550.0,12150.0,151739.0,1082.0,1082.0,1078.0,1078.0,1078.0,1070.0
1083,2019.12.12,12350.0,0.0,12500.0,13000.0,12300.0,388217.0,1083.0,1083.0,1079.0,1079.0,1079.0,1071.0
1084,2019.12.11,12350.0,450.0,13150.0,13300.0,12150.0,723974.0,1084.0,1084.0,1080.0,1080.0,1080.0,1072.0
1085,2019.12.10,12800.0,1300.0,14000.0,14100.0,12700.0,672149.0,1085.0,1085.0,1081.0,1081.0,1081.0,1073.0
1086,2019.12.09,14100.0,650.0,14050.0,14700.0,13500.0,884204.0,1086.0,1086.0,1082.0,1082.0,1082.0,1074.0
1087,2019.12.06,13450.0,650.0,14100.0,15500.0,13000.0,3018616.0,1087.0,1087.0,1083.0,1083.0,1083.0,1075.0
1088,2019.12.05,14500.0,700.0,15500.0,15850.0,13800.0,7524.0,1088.0,1088.0,1084.0,1084.0,1084.0,1076.0
1089,2019.12.04,13800.0,200.0,15000.0,15000.0,13800.0,2860.0,1089.0,1089.0,1085.0,1085.0,1085.0,1077.0
1090,2019.12.03,14000.0,1200.0,15200.0,15200.0,14000.0,479.0,1090.0,1090.0,1086.0,1086.0,1086.0,1078.0
1091,2019.12.02,15200.0,500.0,15250.0,15250.0,15200.0,210.0,1091.0,1091.0,1087.0,1087.0,1087.0,1079.0
1092,2019.11.29,15700.0,500.0,15700.0,15700.0,15700.0,201.0,1092.0,1092.0,1088.0,1088.0,1088.0,1080.0
1093,2019.11.28,16200.0,1200.0,16500.0,16500.0,16200.0,193.0,1093.0,1093.0,1089.0,1089.0,1089.0,1081.0
1094,2019.11.27,15000.0,700.0,15450.0,15850.0,14300.0,2996.0,1094.0,1094.0,1090.0,1090.0,1090.0,1082.0
1095,2019.11.26,14300.0,1350.0,15950.0,15950.0,14300.0,346.0,1095.0,1095.0,1091.0,1091.0,1091.0,1083.0
1096,2019.11.25,15650.0,800.0,15500.0,15650.0,15500.0,1595.0,1096.0,1096.0,1092.0,1092.0,1092.0,1084.0
1097,2019.11.22,16450.0,1150.0,16000.0,16700.0,15500.0,4606.0,1097.0,1097.0,1093.0,1093.0,1093.0,1085.0
1098,2019.11.21,15300.0,2600.0,17500.0,18300.0,15250.0,11086.0,1098.0,1098.0,1094.0,1094.0,1094.0,1086.0
1099,2019.11.20,17900.0,450.0,18400.0,18400.0,17200.0,52.0,1099.0,1099.0,1095.0,1095.0,1095.0,1087.0
1100,2019.11.19,18350.0,50.0,17800.0,18350.0,17800.0,100.0,1100.0,1100.0,1096.0,1096.0,1096.0,1088.0
1101,2019.11.18,18400.0,50.0,17800.0,18400.0,17800.0,11.0,1101.0,1101.0,1097.0,1097.0,1097.0,1089.0
1102,2019.11.15,18350.0,50.0,17800.0,18350.0,17800.0,101.0,1102.0,1102.0,1098.0,1098.0,1098.0,1090.0
1103,2019.11.14,18400.0,400.0,18400.0,18400.0,18400.0,50.0,1103.0,1103.0,1099.0,1099.0,1099.0,1091.0
1104,2019.11.13,18000.0,0.0,18000.0,18000.0,18000.0,9.0,1104.0,1104.0,1100.0,1100.0,1100.0,1092.0
1105,2019.11.12,18000.0,400.0,18000.0,18400.0,18000.0,1002.0,1105.0,1105.0,1101.0,1101.0,1101.0,1093.0
1106,2019.11.11,18400.0,200.0,18000.0,18400.0,18000.0,102.0,1106.0,1106.0,1102.0,1102.0,1102.0,1094.0
1107,2019.11.08,18600.0,150.0,18050.0,18600.0,17950.0,1288.0,1107.0,1107.0,1103.0,1103.0,1103.0,1095.0
1108,2019.11.07,18450.0,100.0,17550.0,18500.0,17550.0,375.0,1108.0,1108.0,1104.0,1104.0,1104.0,1096.0
1109,2019.11.06,18350.0,1100.0,19400.0,19400.0,18350.0,2674.0,1109.0,1109.0,1105.0,1105.0,1105.0,1097.0
1110,2019.11.05,19450.0,50.0,19300.0,19500.0,18650.0,10247.0,1110.0,1110.0,1106.0,1106.0,1106.0,1098.0
1111,2019.11.04,19500.0,300.0,19200.0,19500.0,19200.0,8519.0,1111.0,1111.0,1107.0,1107.0,1107.0,1099.0
1112,2019.11.01,19200.0,300.0,19000.0,19500.0,18050.0,6381.0,1112.0,1112.0,1108.0,1108.0,1108.0,1100.0
1113,2019.10.31,18900.0,300.0,18000.0,19000.0,18000.0,2099.0,1113.0,1113.0,1109.0,1109.0,1109.0,1101.0
1114,2019.10.30,18600.0,750.0,18750.0,19100.0,17650.0,2181.0,1114.0,1114.0,1110.0,1110.0,1110.0,1102.0
1115,2019.10.29,19350.0,600.0,19900.0,19900.0,17700.0,7647.0,1115.0,1115.0,1111.0,1111.0,1111.0,1103.0
1116,2019.10.28,19950.0,2350.0,19000.0,20200.0,16650.0,11438.0,1116.0,1116.0,1112.0,1112.0,1112.0,1104.0
1117,2019.10.25,17600.0,2000.0,15000.0,17900.0,15000.0,3878.0,1117.0,1117.0,1113.0,1113.0,1113.0,1105.0
1118,2019.10.24,15600.0,150.0,15700.0,15700.0,14100.0,2279.0,1118.0,1118.0,1114.0,1114.0,1114.0,1106.0
1119,2019.10.23,15450.0,850.0,14600.0,15450.0,14600.0,1623.0,1119.0,1119.0,1115.0,1115.0,1115.0,1107.0
1120,2019.10.22,14600.0,650.0,14600.0,14600.0,14600.0,100.0,1120.0,1120.0,1116.0,1116.0,1116.0,1108.0
1121,2019.10.21,15250.0,750.0,15500.0,15500.0,13900.0,997.0,1121.0,1121.0,1117.0,1117.0,1117.0,1109.0
1122,2019.10.18,14500.0,100.0,14100.0,14500.0,14000.0,1201.0,1122.0,1122.0,1118.0,1118.0,1118.0,1110.0
1123,2019.10.17,14600.0,350.0,14600.0,14600.0,14000.0,101.0,1123.0,1123.0,1119.0,1119.0,1119.0,1111.0
1124,2019.10.16,14950.0,150.0,14600.0,14950.0,14200.0,206.0,1124.0,1124.0,1120.0,1120.0,1120.0,1112.0
1125,2019.10.15,15100.0,0.0,15400.0,15400.0,14200.0,303.0,1125.0,1125.0,1121.0,1121.0,1121.0,1113.0
1126,2019.10.14,15100.0,350.0,16000.0,16000.0,14500.0,601.0,1126.0,1126.0,1122.0,1122.0,1122.0,1114.0
1127,2019.10.11,15450.0,450.0,15500.0,15500.0,15000.0,22.0,1127.0,1127.0,1123.0,1123.0,1123.0,1115.0
1128,2019.10.10,15000.0,500.0,15000.0,15000.0,15000.0,1.0,1128.0,1128.0,1124.0,1124.0,1124.0,1116.0
1129,2019.10.08,14500.0,350.0,15500.0,15500.0,14500.0,86.0,1129.0,1129.0,1125.0,1125.0,1125.0,1117.0
1130,2019.10.07,14850.0,100.0,15500.0,15500.0,14600.0,202.0,1130.0,1130.0,1126.0,1126.0,1126.0,1118.0
1131,2019.10.04,14750.0,50.0,14400.0,14750.0,14300.0,18.0,1131.0,1131.0,1127.0,1127.0,1127.0,1119.0
1132,2019.10.02,14800.0,200.0,14600.0,14800.0,14600.0,3.0,1132.0,1132.0,1128.0,1128.0,1128.0,1120.0
1133,2019.10.01,14600.0,100.0,14000.0,14600.0,14000.0,26.0,1133.0,1133.0,1129.0,1129.0,1129.0,1121.0
1134,2019.09.30,14700.0,200.0,14100.0,14700.0,14100.0,342.0,1134.0,1134.0,1130.0,1130.0,1130.0,1122.0
1135,2019.09.27,14900.0,700.0,14000.0,15200.0,14000.0,1244.0,1135.0,1135.0,1131.0,1131.0,1131.0,1123.0
1136,2019.09.26,15600.0,1250.0,13550.0,15600.0,13550.0,272.0,1136.0,1136.0,1132.0,1132.0,1132.0,1124.0
1137,2019.09.25,14350.0,200.0,15900.0,15900.0,13700.0,532.0,1137.0,1137.0,1133.0,1133.0,1133.0,1125.0
1138,2019.09.24,14550.0,0.0,15400.0,15400.0,14000.0,303.0,1138.0,1138.0,1134.0,1134.0,1134.0,1126.0
1139,2019.09.23,14550.0,100.0,15450.0,15450.0,14550.0,5.0,1139.0,1139.0,1135.0,1135.0,1135.0,1127.0
1140,2019.09.20,14650.0,50.0,14250.0,14650.0,14250.0,101.0,1140.0,1140.0,1136.0,1136.0,1136.0,1128.0
1141,2019.09.19,14700.0,0.0,16800.0,16800.0,14300.0,256.0,1141.0,1141.0,1137.0,1137.0,1137.0,1129.0
1142,2019.09.18,14700.0,50.0,14300.0,14700.0,14300.0,114.0,1142.0,1142.0,1138.0,1138.0,1138.0,1130.0
1143,2019.09.17,14750.0,0.0,14300.0,14750.0,14300.0,102.0,1143.0,1143.0,1139.0,1139.0,1139.0,1131.0
1144,2019.09.16,14750.0,100.0,14400.0,14750.0,14400.0,101.0,1144.0,1144.0,1140.0,1140.0,1140.0,1132.0
1145,2019.09.11,14850.0,150.0,14550.0,14850.0,14550.0,101.0,1145.0,1145.0,1141.0,1141.0,1141.0,1133.0
1146,2019.09.10,15000.0,500.0,15000.0,15000.0,15000.0,100.0,1146.0,1146.0,1142.0,1142.0,1142.0,1134.0
1147,2019.09.09,15500.0,650.0,15500.0,15500.0,15500.0,1.0,1147.0,1147.0,1143.0,1143.0,1143.0,1135.0
1148,2019.09.06,14850.0,0.0,14400.0,14850.0,14400.0,101.0,1148.0,1148.0,1144.0,1144.0,1144.0,1136.0
1149,2019.09.05,14850.0,200.0,14550.0,14850.0,14550.0,101.0,1149.0,1149.0,1145.0,1145.0,1145.0,1137.0
1150,2019.09.04,15050.0,100.0,15050.0,15050.0,15050.0,1.0,1150.0,1150.0,1146.0,1146.0,1146.0,1138.0
1151,2019.09.03,14950.0,500.0,14900.0,14950.0,14900.0,101.0,1151.0,1151.0,1147.0,1147.0,1147.0,1139.0
1152,2019.09.02,15450.0,700.0,15450.0,15450.0,15450.0,1.0,1152.0,1152.0,1148.0,1148.0,1148.0,1140.0
1153,2019.08.30,14750.0,50.0,14750.0,14750.0,14600.0,45.0,1153.0,1153.0,1149.0,1149.0,1149.0,1141.0
1154,2019.08.29,14800.0,150.0,14500.0,14950.0,14500.0,250.0,1154.0,1154.0,1150.0,1150.0,1150.0,1142.0
1155,2019.08.28,14950.0,50.0,14600.0,15000.0,14200.0,2157.0,1155.0,1155.0,1151.0,1151.0,1151.0,1143.0
1156,2019.08.27,15000.0,200.0,16450.0,16450.0,15000.0,447.0,1156.0,1156.0,1152.0,1152.0,1152.0,1144.0
1157,2019.08.26,14800.0,300.0,14500.0,14850.0,14000.0,587.0,1157.0,1157.0,1153.0,1153.0,1153.0,1145.0
1158,2019.08.23,14500.0,450.0,14500.0,14500.0,14500.0,100.0,1158.0,1158.0,1154.0,1154.0,1154.0,1146.0
1159,2019.08.22,14950.0,0.0,14950.0,14950.0,14950.0,92.0,1159.0,1159.0,1155.0,1155.0,1155.0,1147.0
1160,2019.08.21,14950.0,750.0,14200.0,14950.0,14200.0,664.0,1160.0,1160.0,1156.0,1156.0,1156.0,1148.0
1161,2019.08.20,14200.0,0.0,14200.0,14200.0,14200.0,1.0,1161.0,1161.0,1157.0,1157.0,1157.0,1149.0
1162,2019.08.19,14200.0,0.0,14200.0,14200.0,14200.0,0.0,1162.0,1162.0,1158.0,1158.0,1158.0,1150.0
1163,2019.08.16,14200.0,450.0,14200.0,14200.0,14200.0,100.0,1163.0,1163.0,1159.0,1159.0,1159.0,1151.0
1164,2019.08.14,14650.0,350.0,14650.0,14650.0,14650.0,1.0,1164.0,1164.0,1160.0,1160.0,1160.0,1152.0
1165,2019.08.13,14300.0,0.0,13800.0,14300.0,13800.0,87.0,1165.0,1165.0,1161.0,1161.0,1161.0,1153.0
1166,2019.08.12,14300.0,300.0,13550.0,14300.0,13550.0,102.0,1166.0,1166.0,1162.0,1162.0,1162.0,1154.0
1167,2019.08.09,14000.0,300.0,16400.0,16400.0,14000.0,433.0,1167.0,1167.0,1163.0,1163.0,1163.0,1155.0
1168,2019.08.08,14300.0,400.0,13400.0,14300.0,13400.0,101.0,1168.0,1168.0,1164.0,1164.0,1164.0,1156.0
1169,2019.08.07,14700.0,100.0,16450.0,16450.0,13100.0,381.0,1169.0,1169.0,1165.0,1165.0,1165.0,1157.0
1170,2019.08.06,14800.0,2200.0,16850.0,16850.0,14450.0,468.0,1170.0,1170.0,1166.0,1166.0,1166.0,1158.0
1171,2019.08.05,17000.0,2150.0,17000.0,17000.0,17000.0,1.0,1171.0,1171.0,1167.0,1167.0,1167.0,1159.0
1172,2019.08.02,14850.0,0.0,14400.0,14850.0,14400.0,100.0,1172.0,1172.0,1168.0,1168.0,1168.0,1160.0
1173,2019.08.01,14850.0,0.0,14400.0,14850.0,14400.0,101.0,1173.0,1173.0,1169.0,1169.0,1169.0,1161.0
1174,2019.07.31,14850.0,0.0,14400.0,14850.0,14400.0,101.0,1174.0,1174.0,1170.0,1170.0,1170.0,1162.0
1175,2019.07.30,14850.0,400.0,14750.0,15000.0,14350.0,180.0,1175.0,1175.0,1171.0,1171.0,1171.0,1163.0
1176,2019.07.29,15250.0,50.0,15250.0,15250.0,15250.0,130.0,1176.0,1176.0,1172.0,1172.0,1172.0,1164.0
1177,2019.07.26,15300.0,0.0,14200.0,15300.0,14200.0,201.0,1177.0,1177.0,1173.0,1173.0,1173.0,1165.0
1178,2019.07.25,15300.0,1500.0,17950.0,17950.0,14300.0,943.0,1178.0,1178.0,1174.0,1174.0,1174.0,1166.0
1179,2019.07.24,16800.0,200.0,16950.0,16950.0,16000.0,111.0,1179.0,1179.0,1175.0,1175.0,1175.0,1167.0
1180,2019.07.23,17000.0,1050.0,17000.0,17000.0,17000.0,1.0,1180.0,1180.0,1176.0,1176.0,1176.0,1168.0
1181,2019.07.22,15950.0,1250.0,15950.0,15950.0,15950.0,1.0,1181.0,1181.0,1177.0,1177.0,1177.0,1169.0
1182,2019.07.19,14700.0,50.0,14300.0,14700.0,14300.0,101.0,1182.0,1182.0,1178.0,1178.0,1178.0,1170.0
1183,2019.07.18,14750.0,1450.0,15100.0,15100.0,14000.0,516.0,1183.0,1183.0,1179.0,1179.0,1179.0,1171.0
1184,2019.07.17,13300.0,700.0,15500.0,15500.0,13000.0,900.0,1184.0,1184.0,1180.0,1180.0,1180.0,1172.0
1185,2019.07.16,14000.0,0.0,14000.0,14000.0,13800.0,582.0,1185.0,1185.0,1181.0,1181.0,1181.0,1173.0
1186,2019.07.15,14000.0,500.0,15000.0,15000.0,13950.0,1183.0,1186.0,1186.0,1182.0,1182.0,1182.0,1174.0
1187,2019.07.12,14500.0,600.0,14500.0,14500.0,14500.0,345.0,1187.0,1187.0,1183.0,1183.0,1183.0,1175.0
1188,2019.07.11,15100.0,200.0,14500.0,15250.0,14500.0,1133.0,1188.0,1188.0,1184.0,1184.0,1184.0,1176.0
1189,2019.07.10,15300.0,0.0,15000.0,16000.0,15000.0,1503.0,1189.0,1189.0,1185.0,1185.0,1185.0,1177.0
1190,2019.07.09,15300.0,400.0,15000.0,15600.0,14900.0,638.0,1190.0,1190.0,1186.0,1186.0,1186.0,1178.0
1191,2019.07.08,15700.0,550.0,15750.0,15750.0,15150.0,312.0,1191.0,1191.0,1187.0,1187.0,1187.0,1179.0
1192,2019.07.05,16250.0,500.0,16500.0,16500.0,15400.0,1082.0,1192.0,1192.0,1188.0,1188.0,1188.0,1180.0
1193,2019.07.04,16750.0,350.0,16550.0,16800.0,15600.0,502.0,1193.0,1193.0,1189.0,1189.0,1189.0,1181.0
1194,2019.07.03,17100.0,900.0,17100.0,17100.0,17100.0,100.0,1194.0,1194.0,1190.0,1190.0,1190.0,1182.0
1195,2019.07.02,18000.0,1150.0,16100.0,18000.0,16100.0,269.0,1195.0,1195.0,1191.0,1191.0,1191.0,1183.0
1196,2019.07.01,16850.0,50.0,16350.0,16850.0,16350.0,101.0,1196.0,1196.0,1192.0,1192.0,1192.0,1184.0
1197,2019.06.28,16900.0,0.0,16900.0,16900.0,16900.0,10.0,1197.0,1197.0,1193.0,1193.0,1193.0,1185.0
1198,2019.06.27,16900.0,50.0,16750.0,16900.0,16750.0,232.0,1198.0,1198.0,1194.0,1194.0,1194.0,1186.0
1199,2019.06.26,16850.0,150.0,17000.0,17000.0,15800.0,527.0,1199.0,1199.0,1195.0,1195.0,1195.0,1187.0
1200,2019.06.25,17000.0,0.0,16750.0,17000.0,16550.0,1569.0,1200.0,1200.0,1196.0,1196.0,1196.0,1188.0
1201,2019.06.24,17000.0,450.0,17450.0,17900.0,15550.0,1815.0,1201.0,1201.0,1197.0,1197.0,1197.0,1189.0
1202,2019.06.21,17450.0,150.0,17000.0,17450.0,16700.0,31.0,1202.0,1202.0,1198.0,1198.0,1198.0,1190.0
1203,2019.06.20,17600.0,1300.0,18000.0,18000.0,17600.0,51.0,1203.0,1203.0,1199.0,1199.0,1199.0,1191.0
1204,2019.06.19,16300.0,0.0,15800.0,16300.0,15800.0,110.0,1204.0,1204.0,1200.0,1200.0,1200.0,1192.0
1205,2019.06.18,16300.0,50.0,15850.0,16300.0,15850.0,101.0,1205.0,1205.0,1201.0,1201.0,1201.0,1193.0
1206,2019.06.17,16350.0,400.0,15950.0,16350.0,15950.0,6.0,1206.0,1206.0,1202.0,1202.0,1202.0,1194.0
1207,2019.06.14,15950.0,500.0,15950.0,15950.0,15950.0,100.0,1207.0,1207.0,1203.0,1203.0,1203.0,1195.0
1208,2019.06.13,16450.0,550.0,15900.0,16700.0,15900.0,692.0,1208.0,1208.0,1204.0,1204.0,1204.0,1196.0
1209,2019.06.12,15900.0,50.0,15150.0,15900.0,15150.0,142.0,1209.0,1209.0,1205.0,1205.0,1205.0,1197.0
1210,2019.06.11,15950.0,0.0,15150.0,15950.0,15150.0,62.0,1210.0,1210.0,1206.0,1206.0,1206.0,1198.0
1211,2019.06.10,15950.0,50.0,16950.0,16950.0,15150.0,415.0,1211.0,1211.0,1207.0,1207.0,1207.0,1199.0
1212,2019.06.07,16000.0,350.0,16000.0,16350.0,15600.0,1255.0,1212.0,1212.0,1208.0,1208.0,1208.0,1200.0
1213,2019.06.05,16350.0,800.0,15550.0,16350.0,15500.0,1711.0,1213.0,1213.0,1209.0,1209.0,1209.0,1201.0
1214,2019.06.04,15550.0,550.0,16100.0,16500.0,15000.0,3104.0,1214.0,1214.0,1210.0,1210.0,1210.0,1202.0
1215,2019.06.03,16100.0,900.0,17000.0,17000.0,15500.0,6239.0,1215.0,1215.0,1211.0,1211.0,1211.0,1203.0
1216,2019.05.31,17000.0,750.0,16250.0,17000.0,15750.0,1008.0,1216.0,1216.0,1212.0,1212.0,1212.0,1204.0
1217,2019.05.30,16250.0,250.0,15550.0,16450.0,15550.0,3625.0,1217.0,1217.0,1213.0,1213.0,1213.0,1205.0
1218,2019.05.29,16500.0,200.0,16700.0,16700.0,16000.0,4865.0,1218.0,1218.0,1214.0,1214.0,1214.0,1206.0
1219,2019.05.28,16700.0,0.0,16700.0,17000.0,16000.0,5307.0,1219.0,1219.0,1215.0,1215.0,1215.0,1207.0
1220,2019.05.27,16700.0,700.0,16100.0,19300.0,16100.0,1110.0,1220.0,1220.0,1216.0,1216.0,1216.0,1208.0
1221,2019.05.24,17400.0,700.0,16600.0,17400.0,16600.0,301.0,1221.0,1221.0,1217.0,1217.0,1217.0,1209.0
1222,2019.05.23,16700.0,0.0,16700.0,16700.0,16000.0,602.0,1222.0,1222.0,1218.0,1218.0,1218.0,1210.0
1223,2019.05.22,16700.0,50.0,16500.0,16700.0,16500.0,11.0,1223.0,1223.0,1219.0,1219.0,1219.0,1211.0
1224,2019.05.21,16750.0,150.0,18450.0,18450.0,16700.0,692.0,1224.0,1224.0,1220.0,1220.0,1220.0,1212.0
1225,2019.05.20,16900.0,0.0,16350.0,16900.0,16050.0,128.0,1225.0,1225.0,1221.0,1221.0,1221.0,1213.0
1226,2019.05.17,16900.0,0.0,16900.0,16900.0,16900.0,0.0,1226.0,1226.0,1222.0,1222.0,1222.0,1214.0
1227,2019.05.16,16900.0,1100.0,16100.0,16900.0,16100.0,631.0,1227.0,1227.0,1223.0,1223.0,1223.0,1215.0
1228,2019.05.15,18000.0,750.0,18750.0,18750.0,16100.0,423.0,1228.0,1228.0,1224.0,1224.0,1224.0,1216.0
1229,2019.05.14,18750.0,2250.0,18750.0,18750.0,18750.0,1.0,1229.0,1229.0,1225.0,1225.0,1225.0,1217.0
1230,2019.05.13,16500.0,0.0,16500.0,16500.0,16450.0,707.0,1230.0,1230.0,1226.0,1226.0,1226.0,1218.0
1231,2019.05.10,16500.0,100.0,16500.0,16500.0,16500.0,1091.0,1231.0,1231.0,1227.0,1227.0,1227.0,1219.0
1232,2019.05.09,16600.0,300.0,15900.0,16900.0,15900.0,422.0,1232.0,1232.0,1228.0,1228.0,1228.0,1220.0
1233,2019.05.08,16900.0,200.0,17000.0,17000.0,16800.0,179.0,1233.0,1233.0,1229.0,1229.0,1229.0,1221.0
1234,2019.05.07,17100.0,950.0,18000.0,18000.0,16250.0,1732.0,1234.0,1234.0,1230.0,1230.0,1230.0,1222.0
1235,2019.05.03,18050.0,450.0,18500.0,18500.0,16950.0,1637.0,1235.0,1235.0,1231.0,1231.0,1231.0,1223.0
1236,2019.05.02,18500.0,2000.0,18750.0,18750.0,16600.0,4389.0,1236.0,1236.0,1232.0,1232.0,1232.0,1224.0
1237,2019.04.30,16500.0,0.0,16400.0,16500.0,16400.0,2267.0,1237.0,1237.0,1233.0,1233.0,1233.0,1225.0
1238,2019.04.29,16500.0,0.0,16500.0,16500.0,16500.0,71.0,1238.0,1238.0,1234.0,1234.0,1234.0,1226.0
1239,2019.04.26,16500.0,2150.0,16500.0,16500.0,16000.0,292.0,1239.0,1239.0,1235.0,1235.0,1235.0,1227.0
1240,2019.04.25,18650.0,2150.0,18650.0,18650.0,18650.0,1.0,1240.0,1240.0,1236.0,1236.0,1236.0,1228.0
1241,2019.04.24,16500.0,0.0,18200.0,18200.0,16400.0,1308.0,1241.0,1241.0,1237.0,1237.0,1237.0,1229.0
1242,2019.04.23,16500.0,1900.0,17500.0,17500.0,16500.0,156.0,1242.0,1242.0,1238.0,1238.0,1238.0,1230.0
1243,2019.04.22,18400.0,1900.0,18800.0,18800.0,17000.0,12.0,1243.0,1243.0,1239.0,1239.0,1239.0,1231.0
1244,2019.04.19,16500.0,0.0,16500.0,16500.0,16500.0,0.0,1244.0,1244.0,1240.0,1240.0,1240.0,1232.0
1245,2019.04.18,16500.0,800.0,16500.0,16500.0,16500.0,100.0,1245.0,1245.0,1241.0,1241.0,1241.0,1233.0
1246,2019.04.17,17300.0,300.0,16500.0,17300.0,16500.0,1242.0,1246.0,1246.0,1242.0,1242.0,1242.0,1234.0
1247,2019.04.16,17000.0,0.0,17000.0,17000.0,17000.0,0.0,1247.0,1247.0,1243.0,1243.0,1243.0,1235.0
1248,2019.04.15,17000.0,200.0,16650.0,17000.0,16650.0,126.0,1248.0,1248.0,1244.0,1244.0,1244.0,1236.0
1249,2019.04.12,17200.0,1750.0,17200.0,17200.0,17200.0,15.0,1249.0,1249.0,1245.0,1245.0,1245.0,1237.0
1250,2019.04.11,18950.0,1700.0,19000.0,19000.0,17200.0,251.0,1250.0,1250.0,1246.0,1246.0,1246.0,1238.0
1251,2019.04.10,17250.0,1350.0,17250.0,17250.0,17250.0,125.0,1251.0,1251.0,1247.0,1247.0,1247.0,1239.0
1252,2019.04.09,18600.0,250.0,18800.0,18800.0,18600.0,148.0,1252.0,1252.0,1248.0,1248.0,1248.0,1240.0
1253,2019.04.08,18850.0,150.0,18400.0,19100.0,17150.0,469.0,1253.0,1253.0,1249.0,1249.0,1249.0,1241.0
1254,2019.04.05,19000.0,1050.0,19000.0,19000.0,16700.0,3.0,1254.0,1254.0,1250.0,1250.0,1250.0,1242.0
1255,2019.04.04,17950.0,1050.0,17350.0,18000.0,17350.0,653.0,1255.0,1255.0,1251.0,1251.0,1251.0,1243.0
1256,2019.04.03,19000.0,500.0,19000.0,19000.0,17250.0,374.0,1256.0,1256.0,1252.0,1252.0,1252.0,1244.0
1257,2019.04.02,18500.0,400.0,18850.0,18900.0,17200.0,555.0,1257.0,1257.0,1253.0,1253.0,1253.0,1245.0
1258,2019.04.01,18900.0,600.0,20600.0,20700.0,18900.0,717.0,1258.0,1258.0,1254.0,1254.0,1254.0,1246.0
1259,2019.03.29,19500.0,300.0,19550.0,19550.0,19500.0,52.0,1259.0,1259.0,1255.0,1255.0,1255.0,1247.0
1260,2019.03.28,19200.0,2300.0,19200.0,19200.0,19200.0,1.0,1260.0,1260.0,1256.0,1256.0,1256.0,1248.0
1261,2019.03.27,16900.0,1400.0,16950.0,16950.0,15600.0,12.0,1261.0,1261.0,1257.0,1257.0,1257.0,1249.0
1262,2019.03.26,15500.0,0.0,16000.0,17450.0,15250.0,1213.0,1262.0,1262.0,1258.0,1258.0,1258.0,1250.0
1263,2019.03.25,15500.0,2300.0,15200.0,16950.0,15150.0,954.0,1263.0,1263.0,1259.0,1259.0,1259.0,1251.0
1264,2019.03.22,17800.0,2000.0,15000.0,17800.0,15000.0,501.0,1264.0,1264.0,1260.0,1260.0,1260.0,1252.0
1265,2019.03.21,15800.0,300.0,15500.0,15800.0,15500.0,301.0,1265.0,1265.0,1261.0,1261.0,1261.0,1253.0
1266,2019.03.20,15500.0,50.0,15050.0,15500.0,15050.0,101.0,1266.0,1266.0,1262.0,1262.0,1262.0,1254.0
1267,2019.03.19,15550.0,50.0,15600.0,15600.0,15100.0,163.0,1267.0,1267.0,1263.0,1263.0,1263.0,1255.0
1268,2019.03.18,15600.0,150.0,15700.0,15700.0,15600.0,317.0,1268.0,1268.0,1264.0,1264.0,1264.0,1256.0
1269,2019.03.15,15750.0,850.0,14900.0,15750.0,14700.0,486.0,1269.0,1269.0,1265.0,1265.0,1265.0,1257.0
1270,2019.03.14,14900.0,0.0,14900.0,14900.0,14450.0,336.0,1270.0,1270.0,1266.0,1266.0,1266.0,1258.0
1271,2019.03.13,14900.0,500.0,14100.0,15000.0,14000.0,1322.0,1271.0,1271.0,1267.0,1267.0,1267.0,1259.0
1272,2019.03.12,15400.0,1100.0,14100.0,15500.0,14100.0,712.0,1272.0,1272.0,1268.0,1268.0,1268.0,1260.0
1273,2019.03.11,16500.0,200.0,15800.0,16500.0,15800.0,101.0,1273.0,1273.0,1269.0,1269.0,1269.0,1261.0
1274,2019.03.08,16300.0,400.0,13700.0,16300.0,13700.0,612.0,1274.0,1274.0,1270.0,1270.0,1270.0,1262.0
1275,2019.03.07,15900.0,700.0,13650.0,15900.0,13650.0,1402.0,1275.0,1275.0,1271.0,1271.0,1271.0,1263.0
1276,2019.03.06,15200.0,300.0,14450.0,15200.0,14450.0,101.0,1276.0,1276.0,1272.0,1272.0,1272.0,1264.0
1277,2019.03.05,14900.0,900.0,13650.0,14900.0,13650.0,202.0,1277.0,1277.0,1273.0,1273.0,1273.0,1265.0
1278,2019.03.04,14000.0,0.0,14000.0,14000.0,13700.0,1544.0,1278.0,1278.0,1274.0,1274.0,1274.0,1266.0
1279,2019.02.28,14000.0,2000.0,14000.0,14000.0,13800.0,5370.0,1279.0,1279.0,1275.0,1275.0,1275.0,1267.0
1280,2019.02.27,16000.0,2000.0,16000.0,16000.0,16000.0,1.0,1280.0,1280.0,1276.0,1276.0,1276.0,1268.0
1281,2019.02.26,14000.0,0.0,14050.0,15500.0,14000.0,2315.0,1281.0,1281.0,1277.0,1277.0,1277.0,1269.0
1282,2019.02.25,14000.0,500.0,13500.0,14000.0,13500.0,390.0,1282.0,1282.0,1278.0,1278.0,1278.0,1270.0
1283,2019.02.22,13500.0,0.0,13500.0,13500.0,13500.0,1951.0,1283.0,1283.0,1279.0,1279.0,1279.0,1271.0
1284,2019.02.21,13500.0,400.0,13200.0,13500.0,13200.0,2279.0,1284.0,1284.0,1280.0,1280.0,1280.0,1272.0
1285,2019.02.20,13900.0,1300.0,14000.0,14000.0,13050.0,160.0,1285.0,1285.0,1281.0,1281.0,1281.0,1273.0
1286,2019.02.19,15200.0,1900.0,15200.0,15200.0,15200.0,1.0,1286.0,1286.0,1282.0,1282.0,1282.0,1274.0
1287,2019.02.18,13300.0,600.0,13500.0,13500.0,13300.0,449.0,1287.0,1287.0,1283.0,1283.0,1283.0,1275.0
1288,2019.02.15,13900.0,400.0,13900.0,13900.0,13900.0,1.0,1288.0,1288.0,1284.0,1284.0,1284.0,1276.0
1289,2019.02.14,13500.0,500.0,13550.0,13550.0,13500.0,201.0,1289.0,1289.0,1285.0,1285.0,1285.0,1277.0
1290,2019.02.13,14000.0,600.0,14600.0,14600.0,13100.0,182.0,1290.0,1290.0,1286.0,1286.0,1286.0,1278.0
1291,2019.02.12,14600.0,600.0,15500.0,15500.0,14600.0,35.0,1291.0,1291.0,1287.0,1287.0,1287.0,1279.0
1292,2019.02.11,14000.0,950.0,14400.0,14900.0,13850.0,1172.0,1292.0,1292.0,1288.0,1288.0,1288.0,1280.0
1293,2019.02.08,14950.0,600.0,15500.0,15500.0,13250.0,2016.0,1293.0,1293.0,1289.0,1289.0,1289.0,1281.0
1294,2019.02.07,15550.0,200.0,14000.0,15550.0,14000.0,101.0,1294.0,1294.0,1290.0,1290.0,1290.0,1282.0
1295,2019.02.01,15350.0,900.0,15350.0,15350.0,15350.0,1.0,1295.0,1295.0,1291.0,1291.0,1291.0,1283.0
1296,2019.01.31,14450.0,1700.0,14500.0,14500.0,13000.0,172.0,1296.0,1296.0,1292.0,1292.0,1292.0,1284.0
1297,2019.01.30,12750.0,1800.0,12850.0,14800.0,12750.0,1162.0,1297.0,1297.0,1293.0,1293.0,1293.0,1285.0
1298,2019.01.29,14550.0,500.0,14550.0,14550.0,14550.0,100.0,1298.0,1298.0,1294.0,1294.0,1294.0,1286.0
1299,2019.01.28,15050.0,100.0,14500.0,15050.0,14500.0,102.0,1299.0,1299.0,1295.0,1295.0,1295.0,1287.0
1300,2019.01.25,14950.0,150.0,14950.0,14950.0,14950.0,1.0,1300.0,1300.0,1296.0,1296.0,1296.0,1288.0
1301,2019.01.24,14800.0,300.0,14050.0,14800.0,14050.0,102.0,1301.0,1301.0,1297.0,1297.0,1297.0,1289.0
1302,2019.01.23,14500.0,450.0,14500.0,14500.0,14500.0,100.0,1302.0,1302.0,1298.0,1298.0,1298.0,1290.0
1303,2019.01.22,14950.0,950.0,12700.0,15350.0,12700.0,10.0,1303.0,1303.0,1299.0,1299.0,1299.0,1291.0
1304,2019.01.21,14000.0,500.0,14000.0,14000.0,14000.0,1000.0,1304.0,1304.0,1300.0,1300.0,1300.0,1292.0
1305,2019.01.18,14500.0,900.0,14000.0,14500.0,14000.0,904.0,1305.0,1305.0,1301.0,1301.0,1301.0,1293.0
1306,2019.01.17,15400.0,1400.0,14000.0,15500.0,14000.0,303.0,1306.0,1306.0,1302.0,1302.0,1302.0,1294.0
1307,2019.01.16,14000.0,500.0,14050.0,14050.0,14000.0,450.0,1307.0,1307.0,1303.0,1303.0,1303.0,1295.0
1308,2019.01.15,14500.0,0.0,14100.0,14500.0,14100.0,101.0,1308.0,1308.0,1304.0,1304.0,1304.0,1296.0
1309,2019.01.14,14500.0,450.0,14500.0,14500.0,14500.0,100.0,1309.0,1309.0,1305.0,1305.0,1305.0,1297.0
1310,2019.01.11,14950.0,500.0,14950.0,14950.0,14950.0,100.0,1310.0,1310.0,1306.0,1306.0,1306.0,1298.0
1311,2019.01.10,15450.0,50.0,14500.0,15450.0,14500.0,101.0,1311.0,1311.0,1307.0,1307.0,1307.0,1299.0
1312,2019.01.09,15400.0,1400.0,14000.0,15400.0,14000.0,3464.0,1312.0,1312.0,1308.0,1308.0,1308.0,1300.0
1313,2019.01.08,14000.0,850.0,14000.0,14050.0,13500.0,3544.0,1313.0,1313.0,1309.0,1309.0,1309.0,1301.0
1314,2019.01.07,14850.0,1450.0,14850.0,14850.0,14850.0,1.0,1314.0,1314.0,1310.0,1310.0,1310.0,1302.0
1315,2019.01.04,13400.0,350.0,13400.0,13400.0,13400.0,100.0,1315.0,1315.0,1311.0,1311.0,1311.0,1303.0
1316,2019.01.03,13050.0,1850.0,14450.0,14450.0,13050.0,1265.0,1316.0,1316.0,1312.0,1312.0,1312.0,1304.0
1317,2019.01.02,14900.0,500.0,14900.0,14900.0,14900.0,100.0,1317.0,1317.0,1313.0,1313.0,1313.0,1305.0
1318,2018.12.28,15400.0,650.0,15950.0,15950.0,13700.0,401.0,1318.0,1318.0,1314.0,1314.0,1314.0,1306.0
1319,2018.12.27,16050.0,1000.0,14500.0,16850.0,14500.0,6641.0,1319.0,1319.0,1315.0,1315.0,1315.0,1307.0
1320,2018.12.26,17050.0,350.0,14800.0,17050.0,14800.0,6621.0,1320.0,1320.0,1316.0,1316.0,1316.0,1308.0
1321,2018.12.24,17400.0,1450.0,17400.0,17400.0,17400.0,1.0,1321.0,1321.0,1317.0,1317.0,1317.0,1309.0
