,날짜,종가,전일비,시가,고가,저가,거래량,Unnamed: 0.5,Unnamed: 0.4,Unnamed: 0.3,Unnamed: 0.2,Unnamed: 0.1,Unnamed: 0
0,2024.05.07,7820.0,상승  90,7850.0,7880.0,7650.0,51169.0,0.0,0.0,,,,
1,2024.05.03,7730.0,상승  60,7680.0,7760.0,7670.0,20885.0,1.0,1.0,,,,
2,2024.05.02,7670.0,하락  60,7840.0,7840.0,7670.0,23415.0,2.0,2.0,,,,
3,2024.04.30,7730.0,상승  100,7630.0,7750.0,7600.0,40613.0,3.0,3.0,,,,
4,2024.04.29,7630.0,상승  160,7450.0,7670.0,7400.0,32073.0,4.0,4.0,0.0,0.0,0.0,
5,2024.04.26,7470.0,하락  50,7570.0,7630.0,7370.0,30064.0,5.0,5.0,1.0,1.0,1.0,
6,2024.04.25,7520.0,하락  130,7650.0,7650.0,7480.0,23637.0,6.0,6.0,2.0,2.0,2.0,
7,2024.04.24,7650.0,상승  50,7580.0,7700.0,7560.0,29607.0,7.0,7.0,3.0,3.0,3.0,
8,2024.04.23,7600.0,상승  80,7530.0,7690.0,7500.0,34510.0,8.0,8.0,4.0,4.0,4.0,
9,2024.04.22,7520.0,상승  10,7470.0,7640.0,7400.0,54293.0,9.0,9.0,5.0,5.0,5.0,
10,2024.04.19,7510.0,상승  10,7430.0,7570.0,7250.0,32562.0,10.0,10.0,6.0,6.0,6.0,
11,2024.04.18,7500.0,상승  230,7400.0,7540.0,7270.0,49158.0,11.0,11.0,7.0,7.0,7.0,
12,2024.04.17,7270.0,20.0,7250.0,7450.0,7250.0,32502.0,12.0,12.0,8.0,8.0,8.0,0.0
13,2024.04.16,7290.0,290.0,7580.0,7700.0,7220.0,68835.0,13.0,13.0,9.0,9.0,9.0,1.0
14,2024.04.15,7580.0,130.0,7230.0,8700.0,7140.0,431871.0,14.0,14.0,10.0,10.0,10.0,2.0
15,2024.04.12,7450.0,0.0,7480.0,7530.0,7380.0,35839.0,15.0,15.0,11.0,11.0,11.0,3.0
16,2024.04.11,7450.0,120.0,7570.0,7620.0,7400.0,35213.0,16.0,16.0,12.0,12.0,12.0,4.0
17,2024.04.09,7570.0,70.0,7640.0,7830.0,7510.0,60385.0,17.0,17.0,13.0,13.0,13.0,5.0
18,2024.04.08,7640.0,140.0,7780.0,7800.0,7560.0,110899.0,18.0,18.0,14.0,14.0,14.0,6.0
19,2024.04.05,7780.0,210.0,7970.0,7970.0,7750.0,74461.0,19.0,19.0,15.0,15.0,15.0,7.0
20,2024.04.04,7990.0,10.0,7940.0,8000.0,7840.0,63781.0,20.0,20.0,16.0,16.0,16.0,8.0
21,2024.04.03,8000.0,90.0,8020.0,8120.0,7700.0,51366.0,21.0,21.0,17.0,17.0,17.0,9.0
22,2024.04.02,8090.0,360.0,8460.0,8490.0,8070.0,114932.0,22.0,22.0,18.0,18.0,18.0,10.0
23,2024.04.01,8450.0,0.0,8470.0,8570.0,8370.0,106892.0,23.0,23.0,19.0,19.0,19.0,11.0
24,2024.03.29,8450.0,200.0,8750.0,8750.0,8430.0,101842.0,24.0,24.0,20.0,20.0,20.0,12.0
25,2024.03.28,8650.0,10.0,8670.0,8800.0,8630.0,53632.0,25.0,25.0,21.0,21.0,21.0,13.0
26,2024.03.27,8660.0,250.0,8980.0,8980.0,8650.0,108005.0,26.0,26.0,22.0,22.0,22.0,14.0
27,2024.03.26,8910.0,260.0,9140.0,9170.0,8890.0,100837.0,27.0,27.0,23.0,23.0,23.0,15.0
28,2024.03.25,9170.0,220.0,8910.0,9210.0,8830.0,136530.0,28.0,28.0,24.0,24.0,24.0,16.0
29,2024.03.22,8950.0,90.0,8950.0,9000.0,8730.0,78235.0,29.0,29.0,25.0,25.0,25.0,17.0
30,2024.03.21,8860.0,30.0,8920.0,9070.0,8860.0,81726.0,30.0,30.0,26.0,26.0,26.0,18.0
31,2024.03.20,8890.0,50.0,8950.0,9140.0,8780.0,93390.0,31.0,31.0,27.0,27.0,27.0,19.0
32,2024.03.19,8940.0,190.0,9140.0,9190.0,8880.0,81394.0,32.0,32.0,28.0,28.0,28.0,20.0
33,2024.03.18,9130.0,500.0,8700.0,9480.0,8690.0,264053.0,33.0,33.0,29.0,29.0,29.0,21.0
34,2024.03.15,8630.0,230.0,9060.0,9280.0,8580.0,109082.0,34.0,34.0,30.0,30.0,30.0,22.0
35,2024.03.14,8860.0,30.0,8870.0,9080.0,8560.0,83332.0,35.0,35.0,31.0,31.0,31.0,23.0
36,2024.03.13,8890.0,40.0,9030.0,9030.0,8800.0,64488.0,36.0,36.0,32.0,32.0,32.0,24.0
37,2024.03.12,8930.0,70.0,9100.0,9130.0,8910.0,61517.0,37.0,37.0,33.0,33.0,33.0,25.0
38,2024.03.11,9000.0,160.0,9100.0,9370.0,8960.0,75222.0,38.0,38.0,34.0,34.0,34.0,26.0
39,2024.03.08,9160.0,420.0,8750.0,9240.0,8750.0,150753.0,39.0,39.0,35.0,35.0,35.0,27.0
40,2024.03.07,8740.0,30.0,8740.0,9020.0,8660.0,75099.0,40.0,40.0,36.0,36.0,36.0,28.0
41,2024.03.06,8710.0,120.0,8510.0,8990.0,8510.0,96366.0,41.0,41.0,37.0,37.0,37.0,29.0
42,2024.03.05,8590.0,220.0,8710.0,8930.0,8440.0,134140.0,42.0,42.0,38.0,38.0,38.0,30.0
43,2024.03.04,8810.0,200.0,8990.0,9120.0,8770.0,117523.0,43.0,43.0,39.0,39.0,39.0,31.0
44,2024.02.29,9010.0,120.0,9100.0,9120.0,8970.0,65837.0,44.0,44.0,40.0,40.0,40.0,32.0
45,2024.02.28,9130.0,330.0,9350.0,9560.0,9010.0,103946.0,45.0,45.0,41.0,41.0,41.0,33.0
46,2024.02.27,9460.0,300.0,9760.0,10150.0,9400.0,246657.0,46.0,46.0,42.0,42.0,42.0,34.0
47,2024.02.26,9760.0,380.0,9380.0,9900.0,9380.0,212559.0,47.0,47.0,43.0,43.0,43.0,35.0
48,2024.02.23,9380.0,360.0,9030.0,10000.0,8850.0,553870.0,48.0,48.0,44.0,44.0,44.0,36.0
49,2024.02.22,9020.0,160.0,9190.0,9230.0,8950.0,75898.0,49.0,49.0,45.0,45.0,45.0,37.0
50,2024.02.21,9180.0,170.0,9350.0,9350.0,9140.0,60753.0,50.0,50.0,46.0,46.0,46.0,38.0
51,2024.02.20,9350.0,10.0,9470.0,9620.0,9240.0,108452.0,51.0,51.0,47.0,47.0,47.0,39.0
52,2024.02.19,9360.0,170.0,9160.0,9440.0,9150.0,59282.0,52.0,52.0,48.0,48.0,48.0,40.0
53,2024.02.16,9190.0,160.0,9270.0,9340.0,9180.0,56558.0,53.0,53.0,49.0,49.0,49.0,41.0
54,2024.02.15,9350.0,280.0,9070.0,9360.0,8950.0,117247.0,54.0,54.0,50.0,50.0,50.0,42.0
55,2024.02.14,9070.0,20.0,9040.0,9150.0,8920.0,49482.0,55.0,55.0,51.0,51.0,51.0,43.0
56,2024.02.13,9050.0,210.0,8840.0,9100.0,8780.0,59278.0,56.0,56.0,52.0,52.0,52.0,44.0
57,2024.02.08,8840.0,90.0,8960.0,9100.0,8840.0,75459.0,57.0,57.0,53.0,53.0,53.0,45.0
58,2024.02.07,8930.0,220.0,9120.0,9250.0,8910.0,113715.0,58.0,58.0,54.0,54.0,54.0,46.0
59,2024.02.06,9150.0,110.0,9190.0,9240.0,9030.0,89864.0,59.0,59.0,55.0,55.0,55.0,47.0
60,2024.02.05,9260.0,140.0,9450.0,9530.0,9130.0,55296.0,60.0,60.0,56.0,56.0,56.0,48.0
61,2024.02.02,9400.0,0.0,9420.0,9670.0,9390.0,80474.0,61.0,61.0,57.0,57.0,57.0,49.0
62,2024.02.01,9400.0,10.0,9310.0,9480.0,9130.0,93559.0,62.0,62.0,58.0,58.0,58.0,50.0
63,2024.01.31,9410.0,560.0,9820.0,9930.0,9400.0,164412.0,63.0,63.0,59.0,59.0,59.0,51.0
64,2024.01.30,9970.0,120.0,10100.0,10300.0,9940.0,127905.0,64.0,64.0,60.0,60.0,60.0,52.0
65,2024.01.29,10090.0,100.0,10190.0,10390.0,9800.0,243412.0,65.0,65.0,61.0,61.0,61.0,53.0
66,2024.01.26,10190.0,660.0,9510.0,10920.0,9510.0,1138192.0,66.0,66.0,62.0,62.0,62.0,54.0
67,2024.01.25,9530.0,360.0,9890.0,9900.0,9500.0,186135.0,67.0,67.0,63.0,63.0,63.0,55.0
68,2024.01.24,9890.0,210.0,10100.0,10220.0,9850.0,170728.0,68.0,68.0,64.0,64.0,64.0,56.0
69,2024.01.23,10100.0,90.0,10230.0,10500.0,9950.0,249740.0,69.0,69.0,65.0,65.0,65.0,57.0
70,2024.01.22,10190.0,370.0,10570.0,10700.0,9890.0,299512.0,70.0,70.0,66.0,66.0,66.0,58.0
71,2024.01.19,10560.0,160.0,10390.0,10940.0,10350.0,287767.0,71.0,71.0,67.0,67.0,67.0,59.0
72,2024.01.18,10400.0,770.0,11090.0,11330.0,10270.0,404298.0,72.0,72.0,68.0,68.0,68.0,60.0
73,2024.01.17,11170.0,1110.0,12250.0,12250.0,11160.0,483630.0,73.0,73.0,69.0,69.0,69.0,61.0
74,2024.01.16,12280.0,230.0,13600.0,14070.0,12250.0,1953569.0,74.0,74.0,70.0,70.0,70.0,62.0
75,2024.01.15,12050.0,290.0,12260.0,12770.0,12040.0,536254.0,75.0,75.0,71.0,71.0,71.0,63.0
76,2024.01.12,12340.0,20.0,12060.0,12740.0,11700.0,586829.0,76.0,76.0,72.0,72.0,72.0,64.0
77,2024.01.11,12360.0,240.0,12500.0,12500.0,11510.0,571759.0,77.0,77.0,73.0,73.0,73.0,65.0
78,2024.01.10,12120.0,320.0,11800.0,13500.0,11710.0,2092008.0,78.0,78.0,74.0,74.0,74.0,66.0
79,2024.01.09,11800.0,300.0,11880.0,12750.0,11560.0,1250104.0,79.0,79.0,75.0,75.0,75.0,67.0
80,2024.01.08,11500.0,600.0,11950.0,11960.0,11410.0,455647.0,80.0,80.0,76.0,76.0,76.0,68.0
81,2024.01.05,12100.0,740.0,12040.0,13880.0,11910.0,5385460.0,81.0,81.0,77.0,77.0,77.0,69.0
82,2024.01.04,11360.0,1040.0,12600.0,12780.0,11120.0,2082471.0,82.0,82.0,78.0,78.0,78.0,70.0
83,2024.01.03,12400.0,1340.0,12300.0,14150.0,11400.0,11489466.0,83.0,83.0,79.0,79.0,79.0,71.0
84,2024.01.02,11060.0,2550.0,11060.0,11060.0,10600.0,1054411.0,84.0,84.0,80.0,80.0,80.0,72.0
85,2023.12.28,8510.0,340.0,8190.0,8620.0,8090.0,196358.0,85.0,85.0,81.0,81.0,81.0,73.0
86,2023.12.27,8170.0,170.0,7900.0,8340.0,7900.0,99621.0,86.0,86.0,82.0,82.0,82.0,74.0
87,2023.12.26,8000.0,380.0,8200.0,8200.0,7860.0,202528.0,87.0,87.0,83.0,83.0,83.0,75.0
88,2023.12.22,8380.0,160.0,8220.0,8580.0,8220.0,128590.0,88.0,88.0,84.0,84.0,84.0,76.0
89,2023.12.21,8220.0,10.0,8210.0,8310.0,7930.0,85304.0,89.0,89.0,85.0,85.0,85.0,77.0
90,2023.12.20,8210.0,10.0,8200.0,8460.0,8150.0,80339.0,90.0,90.0,86.0,86.0,86.0,78.0
91,2023.12.19,8200.0,170.0,7960.0,8280.0,7940.0,50635.0,91.0,91.0,87.0,87.0,87.0,79.0
92,2023.12.18,8030.0,30.0,8070.0,8130.0,8000.0,24577.0,92.0,92.0,88.0,88.0,88.0,80.0
93,2023.12.15,8060.0,0.0,8190.0,8190.0,7820.0,82183.0,93.0,93.0,89.0,89.0,89.0,81.0
94,2023.12.14,8060.0,260.0,7900.0,8210.0,7900.0,73751.0,94.0,94.0,90.0,90.0,90.0,82.0
95,2023.12.13,7800.0,340.0,8140.0,8140.0,7800.0,93864.0,95.0,95.0,91.0,91.0,91.0,83.0
96,2023.12.12,8140.0,120.0,8210.0,8290.0,8090.0,69686.0,96.0,96.0,92.0,92.0,92.0,84.0
97,2023.12.11,8260.0,90.0,8630.0,8630.0,8160.0,52665.0,97.0,97.0,93.0,93.0,93.0,85.0
98,2023.12.08,8350.0,40.0,8350.0,8450.0,8100.0,58093.0,98.0,98.0,94.0,94.0,94.0,86.0
99,2023.12.07,8310.0,10.0,8340.0,8570.0,8240.0,58774.0,99.0,99.0,95.0,95.0,95.0,87.0
100,2023.12.06,8320.0,70.0,8370.0,8500.0,8250.0,38030.0,100.0,100.0,96.0,96.0,96.0,88.0
101,2023.12.05,8390.0,90.0,8300.0,8500.0,8220.0,61275.0,101.0,101.0,97.0,97.0,97.0,89.0
102,2023.12.04,8300.0,30.0,8220.0,8520.0,8200.0,38784.0,102.0,102.0,98.0,98.0,98.0,90.0
103,2023.12.01,8270.0,30.0,8310.0,8390.0,8200.0,38689.0,103.0,103.0,99.0,99.0,99.0,91.0
104,2023.11.30,8300.0,190.0,8110.0,8830.0,8100.0,233389.0,104.0,104.0,100.0,100.0,100.0,92.0
105,2023.11.29,8110.0,60.0,8190.0,8420.0,8100.0,66818.0,105.0,105.0,101.0,101.0,101.0,93.0
106,2023.11.28,8170.0,70.0,8190.0,8350.0,8100.0,45218.0,106.0,106.0,102.0,102.0,102.0,94.0
107,2023.11.27,8100.0,240.0,8340.0,8490.0,8080.0,81223.0,107.0,107.0,103.0,103.0,103.0,95.0
108,2023.11.24,8340.0,130.0,8470.0,8560.0,8310.0,69990.0,108.0,108.0,104.0,104.0,104.0,96.0
109,2023.11.23,8470.0,20.0,8440.0,9280.0,8300.0,717386.0,109.0,109.0,105.0,105.0,105.0,97.0
110,2023.11.22,8450.0,360.0,8640.0,8780.0,8440.0,118816.0,110.0,110.0,106.0,106.0,106.0,98.0
111,2023.11.21,8810.0,110.0,8740.0,8940.0,8500.0,214343.0,111.0,111.0,107.0,107.0,107.0,99.0
112,2023.11.20,8700.0,170.0,9100.0,9500.0,8700.0,885516.0,112.0,112.0,108.0,108.0,108.0,100.0
113,2023.11.17,8870.0,880.0,7990.0,9900.0,7760.0,4899750.0,113.0,113.0,109.0,109.0,109.0,101.0
114,2023.11.16,7990.0,80.0,7910.0,8130.0,7760.0,44240.0,114.0,114.0,110.0,110.0,110.0,102.0
115,2023.11.15,7910.0,280.0,7730.0,7910.0,7730.0,38771.0,115.0,115.0,111.0,111.0,111.0,103.0
116,2023.11.14,7630.0,310.0,7320.0,7630.0,7320.0,33069.0,116.0,116.0,112.0,112.0,112.0,104.0
117,2023.11.13,7320.0,280.0,7610.0,7740.0,7300.0,39705.0,117.0,117.0,113.0,113.0,113.0,105.0
118,2023.11.10,7600.0,180.0,7650.0,7680.0,7520.0,29479.0,118.0,118.0,114.0,114.0,114.0,106.0
119,2023.11.09,7780.0,250.0,8060.0,8070.0,7750.0,28715.0,119.0,119.0,115.0,115.0,115.0,107.0
120,2023.11.08,8030.0,210.0,8000.0,8080.0,7820.0,42730.0,120.0,120.0,116.0,116.0,116.0,108.0
121,2023.11.07,7820.0,130.0,7950.0,8050.0,7640.0,48581.0,121.0,121.0,117.0,117.0,117.0,109.0
122,2023.11.06,7950.0,380.0,7690.0,7990.0,7620.0,58066.0,122.0,122.0,118.0,118.0,118.0,110.0
123,2023.11.03,7570.0,60.0,7550.0,7610.0,7340.0,35381.0,123.0,123.0,119.0,119.0,119.0,111.0
124,2023.11.02,7510.0,260.0,7270.0,7570.0,7270.0,59811.0,124.0,124.0,120.0,120.0,120.0,112.0
125,2023.11.01,7250.0,220.0,7040.0,7320.0,7040.0,30966.0,125.0,125.0,121.0,121.0,121.0,113.0
126,2023.10.31,7030.0,260.0,7300.0,7360.0,7020.0,45694.0,126.0,126.0,122.0,122.0,122.0,114.0
127,2023.10.30,7290.0,160.0,7070.0,7370.0,7010.0,39201.0,127.0,127.0,123.0,123.0,123.0,115.0
128,2023.10.27,7130.0,50.0,7210.0,7320.0,6990.0,49976.0,128.0,128.0,124.0,124.0,124.0,116.0
129,2023.10.26,7180.0,420.0,7440.0,7490.0,7100.0,71010.0,129.0,129.0,125.0,125.0,125.0,117.0
130,2023.10.25,7600.0,60.0,7540.0,7650.0,7460.0,44323.0,130.0,130.0,126.0,126.0,126.0,118.0
131,2023.10.24,7540.0,260.0,7310.0,7550.0,7070.0,63184.0,131.0,131.0,127.0,127.0,127.0,119.0
132,2023.10.23,7280.0,0.0,7250.0,7500.0,7190.0,57265.0,132.0,132.0,128.0,128.0,128.0,120.0
133,2023.10.20,7280.0,190.0,7320.0,7440.0,7180.0,77719.0,133.0,133.0,129.0,129.0,129.0,121.0
134,2023.10.19,7470.0,290.0,7790.0,7790.0,7310.0,110778.0,134.0,134.0,130.0,130.0,130.0,122.0
135,2023.10.18,7760.0,300.0,7980.0,8100.0,7720.0,111347.0,135.0,135.0,131.0,131.0,131.0,123.0
136,2023.10.17,8060.0,120.0,8210.0,8350.0,8050.0,65103.0,136.0,136.0,132.0,132.0,132.0,124.0
137,2023.10.16,8180.0,680.0,8740.0,8750.0,7990.0,179647.0,137.0,137.0,133.0,133.0,133.0,125.0
138,2023.10.13,8860.0,260.0,9000.0,9050.0,8790.0,54773.0,138.0,138.0,134.0,134.0,134.0,126.0
139,2023.10.12,9120.0,290.0,9000.0,9780.0,8960.0,142045.0,139.0,139.0,135.0,135.0,135.0,127.0
140,2023.10.11,8830.0,140.0,8800.0,8870.0,8740.0,33083.0,140.0,140.0,136.0,136.0,136.0,128.0
141,2023.10.10,8690.0,330.0,8970.0,9130.0,8630.0,64414.0,141.0,141.0,137.0,137.0,137.0,129.0
142,2023.10.06,9020.0,250.0,8770.0,9090.0,8770.0,41991.0,142.0,142.0,138.0,138.0,138.0,130.0
143,2023.10.05,8770.0,240.0,9070.0,9130.0,8770.0,83517.0,143.0,143.0,139.0,139.0,139.0,131.0
144,2023.10.04,9010.0,360.0,9300.0,9300.0,9010.0,61029.0,144.0,144.0,140.0,140.0,140.0,132.0
145,2023.09.27,9370.0,210.0,9010.0,9700.0,9010.0,45814.0,145.0,145.0,141.0,141.0,141.0,133.0
146,2023.09.26,9160.0,170.0,9310.0,9450.0,9150.0,89329.0,146.0,146.0,142.0,142.0,142.0,134.0
147,2023.09.25,9330.0,380.0,9710.0,9800.0,9330.0,100323.0,147.0,147.0,143.0,143.0,143.0,135.0
148,2023.09.22,9710.0,180.0,9750.0,10080.0,9650.0,103718.0,148.0,148.0,144.0,144.0,144.0,136.0
149,2023.09.21,9890.0,510.0,10320.0,10390.0,9890.0,150587.0,149.0,149.0,145.0,145.0,145.0,137.0
150,2023.09.20,10400.0,500.0,10910.0,11070.0,10360.0,170255.0,150.0,150.0,146.0,146.0,146.0,138.0
151,2023.09.19,10900.0,250.0,11170.0,11280.0,10640.0,149227.0,151.0,151.0,147.0,147.0,147.0,139.0
152,2023.09.18,11150.0,550.0,11590.0,11640.0,11120.0,185607.0,152.0,152.0,148.0,148.0,148.0,140.0
153,2023.09.15,11700.0,480.0,11390.0,11780.0,11070.0,313314.0,153.0,153.0,149.0,149.0,149.0,141.0
154,2023.09.14,11220.0,70.0,11110.0,11480.0,10860.0,216325.0,154.0,154.0,150.0,150.0,150.0,142.0
155,2023.09.13,11150.0,450.0,11800.0,12650.0,11050.0,1789960.0,155.0,155.0,151.0,151.0,151.0,143.0
156,2023.09.12,11600.0,530.0,12340.0,12450.0,11540.0,646577.0,156.0,156.0,152.0,152.0,152.0,144.0
157,2023.09.11,12130.0,560.0,11820.0,12470.0,11510.0,1275932.0,157.0,157.0,153.0,153.0,153.0,145.0
158,2023.09.08,11570.0,1610.0,10020.0,12940.0,9960.0,5542753.0,158.0,158.0,154.0,154.0,154.0,146.0
159,2023.09.07,9960.0,280.0,10240.0,10590.0,9870.0,106525.0,159.0,159.0,155.0,155.0,155.0,147.0
160,2023.09.06,10240.0,150.0,10010.0,10250.0,9900.0,41740.0,160.0,160.0,156.0,156.0,156.0,148.0
161,2023.09.05,10090.0,30.0,9910.0,10150.0,9910.0,48691.0,161.0,161.0,157.0,157.0,157.0,149.0
162,2023.09.04,10060.0,90.0,10070.0,10160.0,9900.0,50618.0,162.0,162.0,158.0,158.0,158.0,150.0
163,2023.09.01,10150.0,320.0,10550.0,10640.0,10010.0,64234.0,163.0,163.0,159.0,159.0,159.0,151.0
164,2023.08.31,10470.0,160.0,10350.0,10980.0,10230.0,205172.0,164.0,164.0,160.0,160.0,160.0,152.0
165,2023.08.30,10310.0,220.0,10100.0,10310.0,10100.0,62000.0,165.0,165.0,161.0,161.0,161.0,153.0
166,2023.08.29,10090.0,260.0,9880.0,10160.0,9810.0,41117.0,166.0,166.0,162.0,162.0,162.0,154.0
167,2023.08.28,9830.0,70.0,9860.0,10000.0,9700.0,29778.0,167.0,167.0,163.0,163.0,163.0,155.0
168,2023.08.25,9900.0,110.0,9900.0,10210.0,9860.0,36436.0,168.0,168.0,164.0,164.0,164.0,156.0
169,2023.08.24,10010.0,130.0,9830.0,10090.0,9820.0,32568.0,169.0,169.0,165.0,165.0,165.0,157.0
170,2023.08.23,9880.0,0.0,9880.0,10240.0,9760.0,84298.0,170.0,170.0,166.0,166.0,166.0,158.0
171,2023.08.22,9880.0,70.0,9870.0,10130.0,9620.0,67135.0,171.0,171.0,167.0,167.0,167.0,159.0
172,2023.08.21,9950.0,490.0,9350.0,10190.0,9210.0,104428.0,172.0,172.0,168.0,168.0,168.0,160.0
173,2023.08.18,9460.0,80.0,9800.0,9940.0,9230.0,46809.0,173.0,173.0,169.0,169.0,169.0,161.0
174,2023.08.17,9540.0,170.0,9700.0,9700.0,9390.0,55717.0,174.0,174.0,170.0,170.0,170.0,162.0
175,2023.08.16,9710.0,270.0,9900.0,10500.0,9620.0,68375.0,175.0,175.0,171.0,171.0,171.0,163.0
176,2023.08.14,9980.0,170.0,10150.0,10360.0,9900.0,64530.0,176.0,176.0,172.0,172.0,172.0,164.0
177,2023.08.11,10150.0,10.0,10110.0,10340.0,10040.0,61133.0,177.0,177.0,173.0,173.0,173.0,165.0
178,2023.08.10,10140.0,40.0,10200.0,10200.0,9830.0,74403.0,178.0,178.0,174.0,174.0,174.0,166.0
179,2023.08.09,10100.0,700.0,9310.0,10210.0,9310.0,166759.0,179.0,179.0,175.0,175.0,175.0,167.0
180,2023.08.08,9400.0,220.0,9620.0,9700.0,9400.0,47255.0,180.0,180.0,176.0,176.0,176.0,168.0
181,2023.08.07,9620.0,10.0,9630.0,9840.0,9460.0,46668.0,181.0,181.0,177.0,177.0,177.0,169.0
182,2023.08.04,9630.0,200.0,9950.0,9990.0,9550.0,52751.0,182.0,182.0,178.0,178.0,178.0,170.0
183,2023.08.03,9830.0,390.0,9440.0,9850.0,9300.0,88348.0,183.0,183.0,179.0,179.0,179.0,171.0
184,2023.08.02,9440.0,260.0,9700.0,9790.0,9360.0,72816.0,184.0,184.0,180.0,180.0,180.0,172.0
185,2023.08.01,9700.0,400.0,9580.0,9900.0,9400.0,143059.0,185.0,185.0,181.0,181.0,181.0,173.0
186,2023.07.31,9300.0,750.0,9230.0,9380.0,8910.0,348579.0,186.0,186.0,182.0,182.0,182.0,174.0
187,2023.07.28,10050.0,180.0,9830.0,10070.0,9800.0,51172.0,187.0,187.0,183.0,183.0,183.0,175.0
188,2023.07.27,9870.0,260.0,9460.0,10150.0,9460.0,77437.0,188.0,188.0,184.0,184.0,184.0,176.0
189,2023.07.26,9610.0,570.0,10200.0,10200.0,9550.0,218621.0,189.0,189.0,185.0,185.0,185.0,177.0
190,2023.07.25,10180.0,330.0,10470.0,10700.0,10140.0,120263.0,190.0,190.0,186.0,186.0,186.0,178.0
191,2023.07.24,10510.0,590.0,11110.0,11180.0,10450.0,124702.0,191.0,191.0,187.0,187.0,187.0,179.0
192,2023.07.21,11100.0,550.0,10550.0,11440.0,10490.0,221627.0,192.0,192.0,188.0,188.0,188.0,180.0
193,2023.07.20,10550.0,30.0,10510.0,10650.0,10360.0,38055.0,193.0,193.0,189.0,189.0,189.0,181.0
194,2023.07.19,10580.0,130.0,10460.0,10630.0,10260.0,64277.0,194.0,194.0,190.0,190.0,190.0,182.0
195,2023.07.18,10450.0,340.0,10750.0,11240.0,10420.0,72261.0,195.0,195.0,191.0,191.0,191.0,183.0
196,2023.07.17,10790.0,420.0,11000.0,11180.0,10780.0,78066.0,196.0,196.0,192.0,192.0,192.0,184.0
197,2023.07.14,11210.0,90.0,11330.0,11350.0,11090.0,70719.0,197.0,197.0,193.0,193.0,193.0,185.0
198,2023.07.13,11300.0,540.0,10650.0,11420.0,10630.0,177143.0,198.0,198.0,194.0,194.0,194.0,186.0
199,2023.07.12,10760.0,410.0,10350.0,11380.0,10300.0,296985.0,199.0,199.0,195.0,195.0,195.0,187.0
200,2023.07.11,10350.0,150.0,10200.0,10450.0,10150.0,45286.0,200.0,200.0,196.0,196.0,196.0,188.0
201,2023.07.10,10200.0,210.0,10320.0,10480.0,10110.0,77525.0,201.0,201.0,197.0,197.0,197.0,189.0
202,2023.07.07,10410.0,290.0,10580.0,10730.0,10370.0,73736.0,202.0,202.0,198.0,198.0,198.0,190.0
203,2023.07.06,10700.0,260.0,10960.0,10960.0,10650.0,68281.0,203.0,203.0,199.0,199.0,199.0,191.0
204,2023.07.05,10960.0,30.0,10940.0,11240.0,10890.0,49442.0,204.0,204.0,200.0,200.0,200.0,192.0
205,2023.07.04,10930.0,220.0,11080.0,11160.0,10860.0,40948.0,205.0,205.0,201.0,201.0,201.0,193.0
206,2023.07.03,11150.0,110.0,11110.0,11310.0,11110.0,57208.0,206.0,206.0,202.0,202.0,202.0,194.0
207,2023.06.30,11040.0,340.0,10710.0,11200.0,10580.0,69809.0,207.0,207.0,203.0,203.0,203.0,195.0
208,2023.06.29,10700.0,130.0,10830.0,10940.0,10650.0,65185.0,208.0,208.0,204.0,204.0,204.0,196.0
209,2023.06.28,10830.0,90.0,10910.0,11040.0,10820.0,47602.0,209.0,209.0,205.0,205.0,205.0,197.0
210,2023.06.27,10920.0,150.0,11020.0,11050.0,10850.0,54797.0,210.0,210.0,206.0,206.0,206.0,198.0
211,2023.06.26,11070.0,10.0,11070.0,11150.0,10740.0,63556.0,211.0,211.0,207.0,207.0,207.0,199.0
212,2023.06.23,11060.0,340.0,11000.0,11600.0,10800.0,184615.0,212.0,212.0,208.0,208.0,208.0,200.0
213,2023.06.22,10720.0,40.0,10700.0,10830.0,10630.0,43583.0,213.0,213.0,209.0,209.0,209.0,201.0
214,2023.06.21,10680.0,300.0,10940.0,11050.0,10650.0,130790.0,214.0,214.0,210.0,210.0,210.0,202.0
215,2023.06.20,10980.0,150.0,11130.0,11200.0,10930.0,68611.0,215.0,215.0,211.0,211.0,211.0,203.0
216,2023.06.19,11130.0,170.0,11310.0,11310.0,11100.0,54073.0,216.0,216.0,212.0,212.0,212.0,204.0
217,2023.06.16,11300.0,160.0,11150.0,11550.0,11150.0,63334.0,217.0,217.0,213.0,213.0,213.0,205.0
218,2023.06.15,11140.0,200.0,11320.0,11500.0,11070.0,74659.0,218.0,218.0,214.0,214.0,214.0,206.0
219,2023.06.14,11340.0,390.0,11750.0,11870.0,11310.0,108079.0,219.0,219.0,215.0,215.0,215.0,207.0
220,2023.06.13,11730.0,50.0,11690.0,11880.0,11650.0,69391.0,220.0,220.0,216.0,216.0,216.0,208.0
221,2023.06.12,11680.0,210.0,12000.0,12050.0,11620.0,70441.0,221.0,221.0,217.0,217.0,217.0,209.0
222,2023.06.09,11890.0,240.0,11680.0,12020.0,11670.0,77291.0,222.0,222.0,218.0,218.0,218.0,210.0
223,2023.06.08,11650.0,210.0,11930.0,11930.0,11520.0,130508.0,223.0,223.0,219.0,219.0,219.0,211.0
224,2023.06.07,11860.0,490.0,12240.0,12340.0,11810.0,150071.0,224.0,224.0,220.0,220.0,220.0,212.0
225,2023.06.05,12350.0,100.0,12460.0,12550.0,12200.0,59386.0,225.0,225.0,221.0,221.0,221.0,213.0
226,2023.06.02,12450.0,150.0,12630.0,12730.0,12300.0,74415.0,226.0,226.0,222.0,222.0,222.0,214.0
227,2023.06.01,12600.0,330.0,12270.0,12770.0,12180.0,93925.0,227.0,227.0,223.0,223.0,223.0,215.0
228,2023.05.31,12270.0,10.0,12180.0,12390.0,12120.0,34434.0,228.0,228.0,224.0,224.0,224.0,216.0
229,2023.05.30,12280.0,60.0,12220.0,12390.0,11900.0,69314.0,229.0,229.0,225.0,225.0,225.0,217.0
230,2023.05.26,12220.0,30.0,12300.0,12350.0,12120.0,46246.0,230.0,230.0,226.0,226.0,226.0,218.0
231,2023.05.25,12190.0,490.0,12660.0,12660.0,12180.0,86513.0,231.0,231.0,227.0,227.0,227.0,219.0
232,2023.05.24,12680.0,70.0,12470.0,12680.0,12470.0,67191.0,232.0,232.0,228.0,228.0,228.0,220.0
233,2023.05.23,12610.0,110.0,12550.0,12710.0,12300.0,69760.0,233.0,233.0,229.0,229.0,229.0,221.0
234,2023.05.22,12500.0,30.0,12450.0,12600.0,12210.0,73455.0,234.0,234.0,230.0,230.0,230.0,222.0
235,2023.05.19,12470.0,260.0,12350.0,12540.0,12200.0,76216.0,235.0,235.0,231.0,231.0,231.0,223.0
236,2023.05.18,12210.0,80.0,12330.0,12410.0,12020.0,73335.0,236.0,236.0,232.0,232.0,232.0,224.0
237,2023.05.17,12290.0,480.0,11810.0,12300.0,11750.0,104292.0,237.0,237.0,233.0,233.0,233.0,225.0
238,2023.05.16,11810.0,40.0,11770.0,12030.0,11630.0,82980.0,238.0,238.0,234.0,234.0,234.0,226.0
239,2023.05.15,11770.0,200.0,11970.0,12030.0,11670.0,101371.0,239.0,239.0,235.0,235.0,235.0,227.0
240,2023.05.12,11970.0,140.0,12030.0,12130.0,11850.0,117992.0,240.0,240.0,236.0,236.0,236.0,228.0
241,2023.05.11,12110.0,200.0,12440.0,12550.0,12110.0,121880.0,241.0,241.0,237.0,237.0,237.0,229.0
242,2023.05.10,12310.0,240.0,12460.0,12750.0,12220.0,110719.0,242.0,242.0,238.0,238.0,238.0,230.0
243,2023.05.09,12550.0,320.0,12850.0,13050.0,12550.0,134262.0,243.0,243.0,239.0,239.0,239.0,231.0
244,2023.05.08,12870.0,140.0,13110.0,13410.0,12850.0,164373.0,244.0,244.0,240.0,240.0,240.0,232.0
245,2023.05.04,13010.0,160.0,12900.0,13380.0,12840.0,199083.0,245.0,245.0,241.0,241.0,241.0,233.0
246,2023.05.03,12850.0,460.0,13370.0,13590.0,12850.0,177912.0,246.0,246.0,242.0,242.0,242.0,234.0
247,2023.05.02,13310.0,190.0,13150.0,13780.0,12750.0,194086.0,247.0,247.0,243.0,243.0,243.0,235.0
248,2023.04.28,13120.0,680.0,13420.0,13550.0,13000.0,385095.0,248.0,248.0,244.0,244.0,244.0,236.0
249,2023.04.27,13800.0,690.0,15440.0,15460.0,13400.0,761510.0,249.0,249.0,245.0,245.0,245.0,237.0
250,2023.04.26,14490.0,960.0,15290.0,15290.0,14280.0,401787.0,250.0,250.0,246.0,246.0,246.0,238.0
251,2023.04.25,15450.0,450.0,14750.0,15470.0,14680.0,551095.0,251.0,251.0,247.0,247.0,247.0,239.0
252,2023.04.24,15000.0,700.0,16100.0,16540.0,14930.0,747556.0,252.0,252.0,248.0,248.0,248.0,240.0
253,2023.04.21,15700.0,500.0,15200.0,15790.0,14670.0,613109.0,253.0,253.0,249.0,249.0,249.0,241.0
254,2023.04.20,15200.0,2010.0,16500.0,16800.0,15040.0,1045044.0,254.0,254.0,250.0,250.0,250.0,242.0
255,2023.04.19,17210.0,430.0,17650.0,17650.0,16800.0,571505.0,255.0,255.0,251.0,251.0,251.0,243.0
256,2023.04.18,17640.0,920.0,18900.0,19270.0,17530.0,763426.0,256.0,256.0,252.0,252.0,252.0,244.0
257,2023.04.17,18560.0,1120.0,19850.0,19850.0,18500.0,634970.0,257.0,257.0,253.0,253.0,253.0,245.0
258,2023.04.14,19680.0,580.0,19420.0,20650.0,19150.0,1397227.0,258.0,258.0,254.0,254.0,254.0,246.0
259,2023.04.13,19100.0,400.0,20050.0,21250.0,18970.0,1693323.0,259.0,259.0,255.0,255.0,255.0,247.0
260,2023.04.12,19500.0,470.0,19970.0,20750.0,19310.0,1246567.0,260.0,260.0,256.0,256.0,256.0,248.0
261,2023.04.11,19970.0,180.0,19900.0,21000.0,19300.0,1667207.0,261.0,261.0,257.0,257.0,257.0,249.0
262,2023.04.10,20150.0,910.0,18850.0,20650.0,17820.0,2681553.0,262.0,262.0,258.0,258.0,258.0,250.0
263,2023.04.07,19240.0,600.0,19820.0,19820.0,18670.0,1218905.0,263.0,263.0,259.0,259.0,259.0,251.0
264,2023.04.06,19840.0,780.0,21500.0,22300.0,19510.0,3685206.0,264.0,264.0,260.0,260.0,260.0,252.0
265,2023.04.05,19060.0,2780.0,17090.0,20400.0,16960.0,9279415.0,265.0,265.0,261.0,261.0,261.0,253.0
266,2023.04.04,16280.0,1020.0,15300.0,17250.0,15300.0,1890272.0,266.0,266.0,262.0,262.0,262.0,254.0
267,2023.04.03,15260.0,890.0,15800.0,16300.0,14940.0,684696.0,267.0,267.0,263.0,263.0,263.0,255.0
268,2023.03.31,16150.0,1110.0,15140.0,18680.0,14830.0,4459325.0,268.0,268.0,264.0,264.0,264.0,256.0
269,2023.03.30,15040.0,560.0,14620.0,15970.0,14110.0,444199.0,269.0,269.0,265.0,265.0,265.0,257.0
270,2023.03.29,14480.0,80.0,14400.0,15140.0,14310.0,185418.0,270.0,270.0,266.0,266.0,266.0,258.0
271,2023.03.28,14400.0,600.0,15080.0,15110.0,14240.0,258288.0,271.0,271.0,267.0,267.0,267.0,259.0
272,2023.03.27,15000.0,1170.0,13980.0,15000.0,13350.0,396630.0,272.0,272.0,268.0,268.0,268.0,260.0
273,2023.03.24,13830.0,600.0,13560.0,14110.0,13240.0,153781.0,273.0,273.0,269.0,269.0,269.0,261.0
274,2023.03.23,13230.0,610.0,13650.0,13660.0,13160.0,97694.0,274.0,274.0,270.0,270.0,270.0,262.0
275,2023.03.22,13840.0,210.0,14250.0,14400.0,13650.0,70316.0,275.0,275.0,271.0,271.0,271.0,263.0
276,2023.03.21,14050.0,540.0,13760.0,14620.0,13740.0,181099.0,276.0,276.0,272.0,272.0,272.0,264.0
277,2023.03.20,13510.0,0.0,13510.0,14130.0,13350.0,121992.0,277.0,277.0,273.0,273.0,273.0,265.0
278,2023.03.17,13510.0,1070.0,12470.0,13600.0,12470.0,151409.0,278.0,278.0,274.0,274.0,274.0,266.0
279,2023.03.16,12440.0,230.0,12550.0,12550.0,12100.0,68165.0,279.0,279.0,275.0,275.0,275.0,267.0
280,2023.03.15,12670.0,620.0,12100.0,12840.0,12050.0,132408.0,280.0,280.0,276.0,276.0,276.0,268.0
281,2023.03.14,12050.0,1180.0,13170.0,13410.0,12010.0,329948.0,281.0,281.0,277.0,277.0,277.0,269.0
282,2023.03.13,13230.0,1170.0,14400.0,14400.0,13000.0,213391.0,282.0,282.0,278.0,278.0,278.0,270.0
283,2023.03.10,14400.0,20.0,13850.0,15020.0,13810.0,243100.0,283.0,283.0,279.0,279.0,279.0,271.0
284,2023.03.09,14380.0,620.0,14930.0,15090.0,14080.0,252659.0,284.0,284.0,280.0,280.0,280.0,272.0
285,2023.03.08,15000.0,1720.0,13290.0,15270.0,13220.0,1355977.0,285.0,285.0,281.0,281.0,281.0,273.0
286,2023.03.07,13280.0,1430.0,11720.0,13500.0,11710.0,599101.0,286.0,286.0,282.0,282.0,282.0,274.0
287,2023.03.06,11850.0,20.0,11700.0,11900.0,11700.0,55550.0,287.0,287.0,283.0,283.0,283.0,275.0
288,2023.03.03,11830.0,250.0,11580.0,11850.0,11520.0,42841.0,288.0,288.0,284.0,284.0,284.0,276.0
289,2023.03.02,11580.0,80.0,11700.0,11880.0,11510.0,63147.0,289.0,289.0,285.0,285.0,285.0,277.0
290,2023.02.28,11660.0,440.0,11220.0,11660.0,11160.0,85890.0,290.0,290.0,286.0,286.0,286.0,278.0
291,2023.02.27,11220.0,180.0,11300.0,11400.0,11110.0,25100.0,291.0,291.0,287.0,287.0,287.0,279.0
292,2023.02.24,11400.0,150.0,11550.0,11570.0,11200.0,40417.0,292.0,292.0,288.0,288.0,288.0,280.0
293,2023.02.23,11550.0,130.0,11370.0,11620.0,11370.0,31418.0,293.0,293.0,289.0,289.0,289.0,281.0
294,2023.02.22,11420.0,210.0,11500.0,11600.0,11370.0,26625.0,294.0,294.0,290.0,290.0,290.0,282.0
295,2023.02.21,11630.0,20.0,11620.0,11810.0,11480.0,59838.0,295.0,295.0,291.0,291.0,291.0,283.0
296,2023.02.20,11610.0,310.0,11310.0,11660.0,11130.0,69928.0,296.0,296.0,292.0,292.0,292.0,284.0
297,2023.02.17,11300.0,210.0,11430.0,11430.0,11170.0,31268.0,297.0,297.0,293.0,293.0,293.0,285.0
298,2023.02.16,11510.0,110.0,11390.0,11510.0,11270.0,26498.0,298.0,298.0,294.0,294.0,294.0,286.0
299,2023.02.15,11400.0,120.0,11510.0,11510.0,11120.0,55272.0,299.0,299.0,295.0,295.0,295.0,287.0
300,2023.02.14,11520.0,50.0,11610.0,11730.0,11350.0,40033.0,300.0,300.0,296.0,296.0,296.0,288.0
301,2023.02.13,11570.0,210.0,11300.0,11750.0,11260.0,75369.0,301.0,301.0,297.0,297.0,297.0,289.0
302,2023.02.10,11360.0,50.0,11210.0,11470.0,11100.0,32884.0,302.0,302.0,298.0,298.0,298.0,290.0
303,2023.02.09,11310.0,20.0,11310.0,11350.0,11130.0,29056.0,303.0,303.0,299.0,299.0,299.0,291.0
304,2023.02.08,11330.0,80.0,11430.0,11520.0,11290.0,38631.0,304.0,304.0,300.0,300.0,300.0,292.0
305,2023.02.07,11410.0,170.0,11260.0,11580.0,11240.0,63161.0,305.0,305.0,301.0,301.0,301.0,293.0
306,2023.02.06,11240.0,30.0,11260.0,11270.0,11120.0,21728.0,306.0,306.0,302.0,302.0,302.0,294.0
307,2023.02.03,11270.0,20.0,11290.0,11310.0,11150.0,16002.0,307.0,307.0,303.0,303.0,303.0,295.0
308,2023.02.02,11250.0,40.0,11260.0,11400.0,11150.0,53901.0,308.0,308.0,304.0,304.0,304.0,296.0
309,2023.02.01,11210.0,360.0,10950.0,11360.0,10810.0,60378.0,309.0,309.0,305.0,305.0,305.0,297.0
310,2023.01.31,10850.0,10.0,10830.0,10870.0,10710.0,22860.0,310.0,310.0,306.0,306.0,306.0,298.0
311,2023.01.30,10860.0,120.0,10970.0,11100.0,10800.0,37954.0,311.0,311.0,307.0,307.0,307.0,299.0
312,2023.01.27,10980.0,60.0,11090.0,11150.0,10980.0,17600.0,312.0,312.0,308.0,308.0,308.0,300.0
313,2023.01.26,11040.0,200.0,10760.0,11050.0,10760.0,23379.0,313.0,313.0,309.0,309.0,309.0,301.0
314,2023.01.25,10840.0,40.0,10810.0,10950.0,10760.0,17757.0,314.0,314.0,310.0,310.0,310.0,302.0
315,2023.01.20,10800.0,0.0,10750.0,10950.0,10700.0,17030.0,315.0,315.0,311.0,311.0,311.0,303.0
316,2023.01.19,10800.0,50.0,10600.0,10850.0,10550.0,20895.0,316.0,316.0,312.0,312.0,312.0,304.0
317,2023.01.18,10750.0,50.0,10900.0,10900.0,10650.0,16289.0,317.0,317.0,313.0,313.0,313.0,305.0
318,2023.01.17,10800.0,150.0,11050.0,11050.0,10700.0,27002.0,318.0,318.0,314.0,314.0,314.0,306.0
319,2023.01.16,10950.0,150.0,11000.0,11150.0,10850.0,32422.0,319.0,319.0,315.0,315.0,315.0,307.0
320,2023.01.13,11100.0,50.0,11150.0,11250.0,11000.0,14819.0,320.0,320.0,316.0,316.0,316.0,308.0
321,2023.01.12,11150.0,0.0,11250.0,11300.0,11000.0,21091.0,321.0,321.0,317.0,317.0,317.0,309.0
322,2023.01.11,11150.0,150.0,11000.0,11250.0,10950.0,22480.0,322.0,322.0,318.0,318.0,318.0,310.0
323,2023.01.10,11000.0,100.0,11150.0,11150.0,10900.0,18408.0,323.0,323.0,319.0,319.0,319.0,311.0
324,2023.01.09,11100.0,250.0,11000.0,11150.0,10850.0,18828.0,324.0,324.0,320.0,320.0,320.0,312.0
325,2023.01.06,10850.0,50.0,10900.0,11050.0,10750.0,24027.0,325.0,325.0,321.0,321.0,321.0,313.0
326,2023.01.05,10900.0,200.0,10750.0,11000.0,10600.0,12861.0,326.0,326.0,322.0,322.0,322.0,314.0
327,2023.01.04,10700.0,150.0,10700.0,10850.0,10550.0,32530.0,327.0,327.0,323.0,323.0,323.0,315.0
328,2023.01.03,10850.0,150.0,10650.0,11100.0,10450.0,23065.0,328.0,328.0,324.0,324.0,324.0,316.0
329,2023.01.02,10700.0,350.0,11150.0,11300.0,10700.0,31000.0,329.0,329.0,325.0,325.0,325.0,317.0
330,2022.12.29,11050.0,200.0,11250.0,11350.0,10900.0,25150.0,330.0,330.0,326.0,326.0,326.0,318.0
331,2022.12.28,11250.0,50.0,11150.0,11400.0,11150.0,12504.0,331.0,331.0,327.0,327.0,327.0,319.0
332,2022.12.27,11200.0,100.0,11200.0,11300.0,11100.0,13287.0,332.0,332.0,328.0,328.0,328.0,320.0
333,2022.12.26,11100.0,200.0,11400.0,11400.0,11000.0,23029.0,333.0,333.0,329.0,329.0,329.0,321.0
334,2022.12.23,11300.0,400.0,11600.0,11600.0,11300.0,29442.0,334.0,334.0,330.0,330.0,330.0,322.0
335,2022.12.22,11700.0,0.0,11750.0,11800.0,11600.0,21250.0,335.0,335.0,331.0,331.0,331.0,323.0
336,2022.12.21,11700.0,100.0,11900.0,12000.0,11650.0,41298.0,336.0,336.0,332.0,332.0,332.0,324.0
337,2022.12.20,11800.0,350.0,12050.0,13200.0,11750.0,160788.0,337.0,337.0,333.0,333.0,333.0,325.0
338,2022.12.19,12150.0,100.0,12650.0,12650.0,12050.0,34883.0,338.0,338.0,334.0,334.0,334.0,326.0
339,2022.12.16,12250.0,300.0,11700.0,12350.0,11600.0,50794.0,339.0,339.0,335.0,335.0,335.0,327.0
340,2022.12.15,11950.0,150.0,12100.0,12100.0,11750.0,30102.0,340.0,340.0,336.0,336.0,336.0,328.0
341,2022.12.14,12100.0,50.0,12200.0,12400.0,12000.0,38903.0,341.0,341.0,337.0,337.0,337.0,329.0
342,2022.12.13,12050.0,300.0,11950.0,12450.0,11850.0,85229.0,342.0,342.0,338.0,338.0,338.0,330.0
343,2022.12.12,11750.0,250.0,12000.0,12100.0,11650.0,37739.0,343.0,343.0,339.0,339.0,339.0,331.0
344,2022.12.09,12000.0,500.0,11550.0,12100.0,11400.0,57921.0,344.0,344.0,340.0,340.0,340.0,332.0
345,2022.12.08,11500.0,50.0,11700.0,11700.0,11100.0,31695.0,345.0,345.0,341.0,341.0,341.0,333.0
346,2022.12.07,11450.0,100.0,11400.0,11600.0,11300.0,17561.0,346.0,346.0,342.0,342.0,342.0,334.0
347,2022.12.06,11550.0,100.0,11400.0,11800.0,11400.0,27746.0,347.0,347.0,343.0,343.0,343.0,335.0
348,2022.12.05,11650.0,100.0,11750.0,12300.0,11650.0,61795.0,348.0,348.0,344.0,344.0,344.0,336.0
349,2022.12.02,11750.0,300.0,11450.0,11900.0,11200.0,69716.0,349.0,349.0,345.0,345.0,345.0,337.0
350,2022.12.01,11450.0,550.0,11050.0,11700.0,10950.0,90663.0,350.0,350.0,346.0,346.0,346.0,338.0
351,2022.11.30,10900.0,150.0,10950.0,11050.0,10900.0,11696.0,351.0,351.0,347.0,347.0,347.0,339.0
352,2022.11.29,11050.0,100.0,10900.0,11050.0,10850.0,8678.0,352.0,352.0,348.0,348.0,348.0,340.0
353,2022.11.28,10950.0,400.0,11350.0,11350.0,10850.0,25179.0,353.0,353.0,349.0,349.0,349.0,341.0
354,2022.11.25,11350.0,50.0,11250.0,11450.0,11150.0,12366.0,354.0,354.0,350.0,350.0,350.0,342.0
355,2022.11.24,11300.0,200.0,11100.0,11400.0,11100.0,23928.0,355.0,355.0,351.0,351.0,351.0,343.0
356,2022.11.23,11100.0,150.0,11000.0,11150.0,10900.0,18044.0,356.0,356.0,352.0,352.0,352.0,344.0
357,2022.11.22,10950.0,100.0,11150.0,11200.0,10900.0,23198.0,357.0,357.0,353.0,353.0,353.0,345.0
358,2022.11.21,11050.0,650.0,11650.0,11700.0,11050.0,41612.0,358.0,358.0,354.0,354.0,354.0,346.0
359,2022.11.18,11700.0,100.0,11800.0,11850.0,11450.0,33053.0,359.0,359.0,355.0,355.0,355.0,347.0
360,2022.11.17,11800.0,400.0,11400.0,12500.0,11250.0,159052.0,360.0,360.0,356.0,356.0,356.0,348.0
361,2022.11.16,11400.0,100.0,11550.0,11600.0,11300.0,24892.0,361.0,361.0,357.0,357.0,357.0,349.0
362,2022.11.15,11500.0,200.0,11400.0,11500.0,11250.0,23741.0,362.0,362.0,358.0,358.0,358.0,350.0
363,2022.11.14,11300.0,50.0,11200.0,11450.0,11150.0,14850.0,363.0,363.0,359.0,359.0,359.0,351.0
364,2022.11.11,11250.0,550.0,11050.0,11300.0,10900.0,39213.0,364.0,364.0,360.0,360.0,360.0,352.0
365,2022.11.10,10700.0,350.0,10800.0,11000.0,10700.0,24613.0,365.0,365.0,361.0,361.0,361.0,353.0
366,2022.11.09,11050.0,100.0,11250.0,11250.0,11000.0,20584.0,366.0,366.0,362.0,362.0,362.0,354.0
367,2022.11.08,11150.0,300.0,10900.0,11200.0,10750.0,29850.0,367.0,367.0,363.0,363.0,363.0,355.0
368,2022.11.07,10850.0,150.0,11000.0,11200.0,10800.0,42165.0,368.0,368.0,364.0,364.0,364.0,356.0
369,2022.11.04,11000.0,200.0,11100.0,11100.0,10850.0,21119.0,369.0,369.0,365.0,365.0,365.0,357.0
370,2022.11.03,11200.0,250.0,11300.0,11500.0,11100.0,19447.0,370.0,370.0,366.0,366.0,366.0,358.0
371,2022.11.02,11450.0,350.0,11100.0,11550.0,11050.0,35464.0,371.0,371.0,367.0,367.0,367.0,359.0
372,2022.11.01,11100.0,0.0,11050.0,11200.0,10950.0,25404.0,372.0,372.0,368.0,368.0,368.0,360.0
373,2022.10.31,11100.0,50.0,11500.0,12150.0,11050.0,98946.0,373.0,373.0,369.0,369.0,369.0,361.0
374,2022.10.28,11150.0,0.0,11150.0,11500.0,10900.0,28444.0,374.0,374.0,370.0,370.0,370.0,362.0
375,2022.10.27,11150.0,250.0,11400.0,11450.0,11000.0,41988.0,375.0,375.0,371.0,371.0,371.0,363.0
376,2022.10.26,10900.0,50.0,10900.0,11450.0,10600.0,40202.0,376.0,376.0,372.0,372.0,372.0,364.0
377,2022.10.25,10850.0,50.0,10950.0,11000.0,10500.0,15181.0,377.0,377.0,373.0,373.0,373.0,365.0
378,2022.10.24,10900.0,250.0,10900.0,11300.0,10750.0,34723.0,378.0,378.0,374.0,374.0,374.0,366.0
379,2022.10.21,10650.0,150.0,10650.0,10750.0,10500.0,14624.0,379.0,379.0,375.0,375.0,375.0,367.0
380,2022.10.20,10800.0,0.0,10750.0,11000.0,10500.0,21149.0,380.0,380.0,376.0,376.0,376.0,368.0
381,2022.10.19,10800.0,50.0,10900.0,11200.0,10750.0,27320.0,381.0,381.0,377.0,377.0,377.0,369.0
382,2022.10.18,10850.0,200.0,10750.0,10950.0,10650.0,20273.0,382.0,382.0,378.0,378.0,378.0,370.0
383,2022.10.17,10650.0,100.0,10200.0,10650.0,10150.0,16834.0,383.0,383.0,379.0,379.0,379.0,371.0
384,2022.10.14,10550.0,450.0,10300.0,10650.0,10250.0,25290.0,384.0,384.0,380.0,380.0,380.0,372.0
385,2022.10.13,10100.0,300.0,10200.0,10450.0,9990.0,48269.0,385.0,385.0,381.0,381.0,381.0,373.0
386,2022.10.12,10400.0,50.0,10150.0,10650.0,10100.0,35322.0,386.0,386.0,382.0,382.0,382.0,374.0
387,2022.10.11,10350.0,650.0,10750.0,10750.0,10150.0,41362.0,387.0,387.0,383.0,383.0,383.0,375.0
388,2022.10.07,11000.0,200.0,11200.0,11200.0,10800.0,20704.0,388.0,388.0,384.0,384.0,384.0,376.0
389,2022.10.06,11200.0,400.0,10850.0,11400.0,10750.0,26741.0,389.0,389.0,385.0,385.0,385.0,377.0
390,2022.10.05,10800.0,350.0,11450.0,11550.0,10700.0,28532.0,390.0,390.0,386.0,386.0,386.0,378.0
391,2022.10.04,11150.0,400.0,10900.0,11200.0,10750.0,22801.0,391.0,391.0,387.0,387.0,387.0,379.0
392,2022.09.30,10750.0,100.0,10650.0,11050.0,10500.0,38240.0,392.0,392.0,388.0,388.0,388.0,380.0
393,2022.09.29,10850.0,150.0,10900.0,11250.0,10800.0,32781.0,393.0,393.0,389.0,389.0,389.0,381.0
394,2022.09.28,10700.0,500.0,11100.0,11500.0,10400.0,65499.0,394.0,394.0,390.0,390.0,390.0,382.0
395,2022.09.27,11200.0,200.0,11200.0,11600.0,10900.0,58691.0,395.0,395.0,391.0,391.0,391.0,383.0
396,2022.09.26,11400.0,650.0,11650.0,11950.0,11100.0,69243.0,396.0,396.0,392.0,392.0,392.0,384.0
397,2022.09.23,12050.0,550.0,12600.0,12650.0,11850.0,48674.0,397.0,397.0,393.0,393.0,393.0,385.0
398,2022.09.22,12600.0,0.0,12550.0,12800.0,12200.0,52204.0,398.0,398.0,394.0,394.0,394.0,386.0
399,2022.09.21,12600.0,100.0,12600.0,12800.0,12500.0,23329.0,399.0,399.0,395.0,395.0,395.0,387.0
400,2022.09.20,12700.0,0.0,12750.0,13050.0,12650.0,13230.0,400.0,400.0,396.0,396.0,396.0,388.0
401,2022.09.19,12700.0,350.0,12950.0,13050.0,12650.0,39500.0,401.0,401.0,397.0,397.0,397.0,389.0
402,2022.09.16,13050.0,150.0,12800.0,13200.0,12700.0,33478.0,402.0,402.0,398.0,398.0,398.0,390.0
403,2022.09.15,12900.0,400.0,13500.0,13500.0,12900.0,63569.0,403.0,403.0,399.0,399.0,399.0,391.0
404,2022.09.14,13300.0,550.0,13300.0,13500.0,13150.0,97692.0,404.0,404.0,400.0,400.0,400.0,392.0
405,2022.09.13,13850.0,200.0,14000.0,14000.0,13600.0,57929.0,405.0,405.0,401.0,401.0,401.0,393.0
406,2022.09.08,13650.0,300.0,14100.0,14550.0,13650.0,98523.0,406.0,406.0,402.0,402.0,402.0,394.0
407,2022.09.07,13950.0,350.0,14000.0,14200.0,13650.0,87527.0,407.0,407.0,403.0,403.0,403.0,395.0
408,2022.09.06,13600.0,150.0,13750.0,14000.0,13550.0,41626.0,408.0,408.0,404.0,404.0,404.0,396.0
409,2022.09.05,13750.0,800.0,14350.0,14500.0,13700.0,106748.0,409.0,409.0,405.0,405.0,405.0,397.0
410,2022.09.02,14550.0,300.0,15000.0,15150.0,14200.0,163308.0,410.0,410.0,406.0,406.0,406.0,398.0
411,2022.09.01,14850.0,800.0,15350.0,15850.0,14550.0,258192.0,411.0,411.0,407.0,407.0,407.0,399.0
412,2022.08.31,15650.0,700.0,15650.0,16150.0,15150.0,427868.0,412.0,412.0,408.0,408.0,408.0,400.0
413,2022.08.30,14950.0,650.0,14300.0,15100.0,14100.0,221732.0,413.0,413.0,409.0,409.0,409.0,401.0
414,2022.08.29,14300.0,200.0,14200.0,14800.0,13900.0,235772.0,414.0,414.0,410.0,410.0,410.0,402.0
415,2022.08.26,14500.0,1400.0,13200.0,16400.0,13200.0,1404482.0,415.0,415.0,411.0,411.0,411.0,403.0
416,2022.08.25,13100.0,50.0,13150.0,13350.0,12850.0,64616.0,416.0,416.0,412.0,412.0,412.0,404.0
417,2022.08.24,13150.0,650.0,12450.0,15400.0,12450.0,496802.0,417.0,417.0,413.0,413.0,413.0,405.0
418,2022.08.23,12500.0,300.0,12650.0,12850.0,12500.0,24594.0,418.0,418.0,414.0,414.0,414.0,406.0
419,2022.08.22,12800.0,250.0,12750.0,13150.0,12700.0,23841.0,419.0,419.0,415.0,415.0,415.0,407.0
420,2022.08.19,13050.0,150.0,13250.0,13450.0,13000.0,24293.0,420.0,420.0,416.0,416.0,416.0,408.0
421,2022.08.18,13200.0,250.0,13250.0,13500.0,12900.0,38999.0,421.0,421.0,417.0,417.0,417.0,409.0
422,2022.08.17,13450.0,450.0,14100.0,14100.0,13300.0,38856.0,422.0,422.0,418.0,418.0,418.0,410.0
423,2022.08.16,13900.0,50.0,14000.0,14050.0,13800.0,25092.0,423.0,423.0,419.0,419.0,419.0,411.0
424,2022.08.12,13950.0,150.0,13800.0,14000.0,13750.0,16513.0,424.0,424.0,420.0,420.0,420.0,412.0
425,2022.08.11,13800.0,50.0,14050.0,14050.0,13700.0,26979.0,425.0,425.0,421.0,421.0,421.0,413.0
426,2022.08.10,13750.0,350.0,14000.0,14300.0,13600.0,37180.0,426.0,426.0,422.0,422.0,422.0,414.0
427,2022.08.09,14100.0,350.0,14500.0,14500.0,14050.0,31379.0,427.0,427.0,423.0,423.0,423.0,415.0
428,2022.08.08,14450.0,200.0,14550.0,14700.0,14350.0,20481.0,428.0,428.0,424.0,424.0,424.0,416.0
429,2022.08.05,14650.0,600.0,14200.0,15000.0,14150.0,87878.0,429.0,429.0,425.0,425.0,425.0,417.0
430,2022.08.04,14050.0,400.0,13800.0,14400.0,13700.0,63936.0,430.0,430.0,426.0,426.0,426.0,418.0
431,2022.08.03,13650.0,150.0,13500.0,13800.0,13350.0,20068.0,431.0,431.0,427.0,427.0,427.0,419.0
432,2022.08.02,13500.0,250.0,13850.0,13850.0,13250.0,15995.0,432.0,432.0,428.0,428.0,428.0,420.0
433,2022.08.01,13750.0,600.0,13350.0,13800.0,13150.0,37376.0,433.0,433.0,429.0,429.0,429.0,421.0
434,2022.07.29,13150.0,150.0,13300.0,13950.0,13050.0,39879.0,434.0,434.0,430.0,430.0,430.0,422.0
435,2022.07.28,13300.0,200.0,13700.0,13700.0,13250.0,16080.0,435.0,435.0,431.0,431.0,431.0,423.0
436,2022.07.27,13500.0,550.0,12900.0,13500.0,12900.0,26128.0,436.0,436.0,432.0,432.0,432.0,424.0
437,2022.07.26,12950.0,100.0,12850.0,13050.0,12750.0,9695.0,437.0,437.0,433.0,433.0,433.0,425.0
438,2022.07.25,12850.0,350.0,13150.0,13250.0,12650.0,27305.0,438.0,438.0,434.0,434.0,434.0,426.0
439,2022.07.22,13200.0,250.0,13500.0,13600.0,13000.0,19046.0,439.0,439.0,435.0,435.0,435.0,427.0
440,2022.07.21,13450.0,300.0,13750.0,13750.0,13450.0,18482.0,440.0,440.0,436.0,436.0,436.0,428.0
441,2022.07.20,13750.0,50.0,13900.0,14050.0,13650.0,24208.0,441.0,441.0,437.0,437.0,437.0,429.0
442,2022.07.19,13800.0,50.0,13750.0,13800.0,13450.0,17765.0,442.0,442.0,438.0,438.0,438.0,430.0
443,2022.07.18,13750.0,350.0,13700.0,13900.0,13250.0,35393.0,443.0,443.0,439.0,439.0,439.0,431.0
444,2022.07.15,13400.0,50.0,13500.0,14200.0,12850.0,41248.0,444.0,444.0,440.0,440.0,440.0,432.0
445,2022.07.14,13450.0,250.0,13150.0,14100.0,13150.0,43207.0,445.0,445.0,441.0,441.0,441.0,433.0
446,2022.07.13,13200.0,100.0,13300.0,13450.0,13000.0,22577.0,446.0,446.0,442.0,442.0,442.0,434.0
447,2022.07.12,13300.0,300.0,13500.0,13500.0,13100.0,24749.0,447.0,447.0,443.0,443.0,443.0,435.0
448,2022.07.11,13600.0,850.0,12950.0,13750.0,12750.0,60792.0,448.0,448.0,444.0,444.0,444.0,436.0
449,2022.07.08,12750.0,150.0,12950.0,12950.0,12600.0,14056.0,449.0,449.0,445.0,445.0,445.0,437.0
450,2022.07.07,12600.0,100.0,12400.0,12850.0,12400.0,20398.0,450.0,450.0,446.0,446.0,446.0,438.0
451,2022.07.06,12500.0,300.0,12350.0,12900.0,12150.0,36133.0,451.0,451.0,447.0,447.0,447.0,439.0
452,2022.07.05,12200.0,600.0,11700.0,12350.0,11650.0,21984.0,452.0,452.0,448.0,448.0,448.0,440.0
453,2022.07.04,11600.0,150.0,11750.0,12050.0,11350.0,17819.0,453.0,453.0,449.0,449.0,449.0,441.0
454,2022.07.01,11750.0,300.0,12200.0,12350.0,11500.0,28589.0,454.0,454.0,450.0,450.0,450.0,442.0
455,2022.06.30,12050.0,300.0,12300.0,12550.0,12000.0,20742.0,455.0,455.0,451.0,451.0,451.0,443.0
456,2022.06.29,12350.0,50.0,11950.0,12350.0,11950.0,13763.0,456.0,456.0,452.0,452.0,452.0,444.0
457,2022.06.28,12300.0,50.0,12600.0,12600.0,12100.0,20140.0,457.0,457.0,453.0,453.0,453.0,445.0
458,2022.06.27,12350.0,350.0,12000.0,12550.0,11700.0,25053.0,458.0,458.0,454.0,454.0,454.0,446.0
459,2022.06.24,12000.0,750.0,11350.0,12150.0,11150.0,42979.0,459.0,459.0,455.0,455.0,455.0,447.0
460,2022.06.23,11250.0,500.0,11750.0,12000.0,11150.0,63217.0,460.0,460.0,456.0,456.0,456.0,448.0
461,2022.06.22,11750.0,800.0,12600.0,12900.0,11700.0,63121.0,461.0,461.0,457.0,457.0,457.0,449.0
462,2022.06.21,12550.0,50.0,12500.0,12750.0,12350.0,38416.0,462.0,462.0,458.0,458.0,458.0,450.0
463,2022.06.20,12500.0,950.0,13400.0,13650.0,12500.0,45296.0,463.0,463.0,459.0,459.0,459.0,451.0
464,2022.06.17,13450.0,150.0,13200.0,13450.0,13000.0,32474.0,464.0,464.0,460.0,460.0,460.0,452.0
465,2022.06.16,13600.0,50.0,13800.0,14100.0,13550.0,29679.0,465.0,465.0,461.0,461.0,461.0,453.0
466,2022.06.15,13550.0,1050.0,14200.0,14550.0,13450.0,100634.0,466.0,466.0,462.0,462.0,462.0,454.0
467,2022.06.14,14600.0,500.0,14450.0,14900.0,14200.0,80665.0,467.0,467.0,463.0,463.0,463.0,455.0
468,2022.06.13,15100.0,1050.0,15600.0,15800.0,15050.0,57794.0,468.0,468.0,464.0,464.0,464.0,456.0
469,2022.06.10,16150.0,350.0,16150.0,16500.0,16100.0,29234.0,469.0,469.0,465.0,465.0,465.0,457.0
470,2022.06.09,16500.0,100.0,16150.0,17450.0,15900.0,181401.0,470.0,470.0,466.0,466.0,466.0,458.0
471,2022.06.08,16400.0,700.0,16000.0,16800.0,16000.0,70244.0,471.0,471.0,467.0,467.0,467.0,459.0
472,2022.06.07,15700.0,450.0,16150.0,16150.0,15600.0,23066.0,472.0,472.0,468.0,468.0,468.0,460.0
473,2022.06.03,16150.0,50.0,16200.0,16550.0,16000.0,26932.0,473.0,473.0,469.0,469.0,469.0,461.0
474,2022.06.02,16100.0,300.0,15800.0,16200.0,15700.0,37999.0,474.0,474.0,470.0,470.0,470.0,462.0
475,2022.05.31,15800.0,100.0,15700.0,15900.0,15550.0,16394.0,475.0,475.0,471.0,471.0,471.0,463.0
476,2022.05.30,15700.0,200.0,15800.0,15800.0,15500.0,11646.0,476.0,476.0,472.0,472.0,472.0,464.0
477,2022.05.27,15500.0,250.0,16000.0,16000.0,15050.0,32948.0,477.0,477.0,473.0,473.0,473.0,465.0
478,2022.05.26,15750.0,50.0,15700.0,16200.0,15700.0,28793.0,478.0,478.0,474.0,474.0,474.0,466.0
479,2022.05.25,15700.0,50.0,15700.0,15850.0,15450.0,24432.0,479.0,479.0,475.0,475.0,475.0,467.0
480,2022.05.24,15750.0,150.0,15900.0,16200.0,15600.0,27468.0,480.0,480.0,476.0,476.0,476.0,468.0
481,2022.05.23,15900.0,350.0,15550.0,16000.0,15500.0,22122.0,481.0,481.0,477.0,477.0,477.0,469.0
482,2022.05.20,15550.0,300.0,15250.0,15650.0,15100.0,18536.0,482.0,482.0,478.0,478.0,478.0,470.0
483,2022.05.19,15250.0,400.0,15100.0,15400.0,15050.0,19805.0,483.0,483.0,479.0,479.0,479.0,471.0
484,2022.05.18,15650.0,100.0,15700.0,15900.0,15300.0,17701.0,484.0,484.0,480.0,480.0,480.0,472.0
485,2022.05.17,15750.0,200.0,15500.0,15750.0,15400.0,10727.0,485.0,485.0,481.0,481.0,481.0,473.0
486,2022.05.16,15550.0,350.0,15400.0,15700.0,15300.0,25235.0,486.0,486.0,482.0,482.0,482.0,474.0
487,2022.05.13,15200.0,150.0,15100.0,15350.0,15000.0,22332.0,487.0,487.0,483.0,483.0,483.0,475.0
488,2022.05.12,15050.0,550.0,15350.0,15400.0,14950.0,44906.0,488.0,488.0,484.0,484.0,484.0,476.0
489,2022.05.11,15600.0,150.0,15750.0,15850.0,15450.0,21187.0,489.0,489.0,485.0,485.0,485.0,477.0
490,2022.05.10,15750.0,150.0,15300.0,15950.0,14950.0,43958.0,490.0,490.0,486.0,486.0,486.0,478.0
491,2022.05.09,15600.0,400.0,15800.0,16200.0,15600.0,41188.0,491.0,491.0,487.0,487.0,487.0,479.0
492,2022.05.06,16000.0,400.0,16200.0,16400.0,16000.0,29601.0,492.0,492.0,488.0,488.0,488.0,480.0
493,2022.05.04,16400.0,400.0,16700.0,17000.0,16300.0,22366.0,493.0,493.0,489.0,489.0,489.0,481.0
494,2022.05.03,16800.0,50.0,17200.0,17200.0,16700.0,17562.0,494.0,494.0,490.0,490.0,490.0,482.0
495,2022.05.02,16850.0,0.0,16700.0,17000.0,16650.0,20589.0,495.0,495.0,491.0,491.0,491.0,483.0
496,2022.04.29,16850.0,550.0,16300.0,17700.0,16250.0,82573.0,496.0,496.0,492.0,492.0,492.0,484.0
497,2022.04.28,16300.0,100.0,16250.0,16750.0,16150.0,20453.0,497.0,497.0,493.0,493.0,493.0,485.0
498,2022.04.27,16400.0,50.0,16000.0,16400.0,16000.0,19806.0,498.0,498.0,494.0,494.0,494.0,486.0
499,2022.04.26,16450.0,250.0,16400.0,16600.0,16300.0,18751.0,499.0,499.0,495.0,495.0,495.0,487.0
500,2022.04.25,16200.0,700.0,16400.0,16650.0,16200.0,49695.0,500.0,500.0,496.0,496.0,496.0,488.0
501,2022.04.22,16900.0,150.0,17000.0,17000.0,16550.0,33651.0,501.0,501.0,497.0,497.0,497.0,489.0
502,2022.04.21,17050.0,50.0,17000.0,17300.0,16750.0,27361.0,502.0,502.0,498.0,498.0,498.0,490.0
503,2022.04.20,17000.0,350.0,17450.0,17600.0,16900.0,40993.0,503.0,503.0,499.0,499.0,499.0,491.0
504,2022.04.19,17350.0,0.0,17250.0,17600.0,17200.0,16564.0,504.0,504.0,500.0,500.0,500.0,492.0
505,2022.04.18,17350.0,350.0,17650.0,17700.0,17000.0,33918.0,505.0,505.0,501.0,501.0,501.0,493.0
506,2022.04.15,17700.0,100.0,17600.0,17800.0,17250.0,30850.0,506.0,506.0,502.0,502.0,502.0,494.0
507,2022.04.14,17600.0,200.0,17800.0,18350.0,17550.0,19276.0,507.0,507.0,503.0,503.0,503.0,495.0
508,2022.04.13,17800.0,200.0,17600.0,17900.0,17350.0,18359.0,508.0,508.0,504.0,504.0,504.0,496.0
509,2022.04.12,17600.0,400.0,17950.0,18000.0,17500.0,36410.0,509.0,509.0,505.0,505.0,505.0,497.0
510,2022.04.11,18000.0,400.0,18450.0,18550.0,17850.0,35524.0,510.0,510.0,506.0,506.0,506.0,498.0
511,2022.04.08,18400.0,200.0,18500.0,18800.0,18400.0,34066.0,511.0,511.0,507.0,507.0,507.0,499.0
512,2022.04.07,18200.0,600.0,18800.0,18800.0,18200.0,34849.0,512.0,512.0,508.0,508.0,508.0,500.0
513,2022.04.06,18800.0,300.0,18300.0,18950.0,18300.0,61735.0,513.0,513.0,509.0,509.0,509.0,501.0
514,2022.04.05,18500.0,0.0,18800.0,18850.0,18300.0,23916.0,514.0,514.0,510.0,510.0,510.0,502.0
515,2022.04.04,18500.0,300.0,18100.0,18600.0,17900.0,26813.0,515.0,515.0,511.0,511.0,511.0,503.0
516,2022.04.01,18200.0,200.0,18450.0,18450.0,18050.0,63939.0,516.0,516.0,512.0,512.0,512.0,504.0
517,2022.03.31,18400.0,300.0,18700.0,19100.0,18400.0,70410.0,517.0,517.0,513.0,513.0,513.0,505.0
518,2022.03.30,18700.0,1250.0,19550.0,19700.0,18450.0,208880.0,518.0,518.0,514.0,514.0,514.0,506.0
519,2022.03.29,19950.0,1600.0,18750.0,20650.0,18250.0,501206.0,519.0,519.0,515.0,515.0,515.0,507.0
520,2022.03.28,18350.0,300.0,18650.0,19000.0,18000.0,75846.0,520.0,520.0,516.0,516.0,516.0,508.0
521,2022.03.25,18650.0,50.0,18800.0,18800.0,18400.0,33912.0,521.0,521.0,517.0,517.0,517.0,509.0
522,2022.03.24,18700.0,200.0,18550.0,18950.0,18300.0,61138.0,522.0,522.0,518.0,518.0,518.0,510.0
523,2022.03.23,18500.0,550.0,18250.0,19400.0,17750.0,251256.0,523.0,523.0,519.0,519.0,519.0,511.0
524,2022.03.22,17950.0,50.0,18200.0,18300.0,17850.0,26071.0,524.0,524.0,520.0,520.0,520.0,512.0
525,2022.03.21,18000.0,100.0,17950.0,18150.0,17750.0,23481.0,525.0,525.0,521.0,521.0,521.0,513.0
526,2022.03.18,18100.0,250.0,17900.0,18200.0,17700.0,31302.0,526.0,526.0,522.0,522.0,522.0,514.0
527,2022.03.17,17850.0,400.0,17600.0,17850.0,17350.0,40013.0,527.0,527.0,523.0,523.0,523.0,515.0
528,2022.03.16,17450.0,50.0,17950.0,17950.0,17350.0,24702.0,528.0,528.0,524.0,524.0,524.0,516.0
529,2022.03.15,17500.0,300.0,16950.0,17800.0,16750.0,35594.0,529.0,529.0,525.0,525.0,525.0,517.0
530,2022.03.14,17200.0,50.0,17150.0,17300.0,16650.0,33643.0,530.0,530.0,526.0,526.0,526.0,518.0
531,2022.03.11,17150.0,800.0,16350.0,17150.0,16350.0,40635.0,531.0,531.0,527.0,527.0,527.0,519.0
532,2022.03.10,16350.0,200.0,16300.0,16800.0,16300.0,17195.0,532.0,532.0,528.0,528.0,528.0,520.0
533,2022.03.08,16150.0,400.0,16150.0,16550.0,16150.0,21935.0,533.0,533.0,529.0,529.0,529.0,521.0
534,2022.03.07,16550.0,500.0,17000.0,17200.0,16500.0,24561.0,534.0,534.0,530.0,530.0,530.0,522.0
535,2022.03.04,17050.0,250.0,17000.0,17550.0,16850.0,43451.0,535.0,535.0,531.0,531.0,531.0,523.0
536,2022.03.03,17300.0,950.0,16600.0,17300.0,16350.0,39965.0,536.0,536.0,532.0,532.0,532.0,524.0
537,2022.03.02,16350.0,300.0,16300.0,16450.0,16000.0,21092.0,537.0,537.0,533.0,533.0,533.0,525.0
538,2022.02.28,16050.0,150.0,15800.0,16200.0,15750.0,16159.0,538.0,538.0,534.0,534.0,534.0,526.0
539,2022.02.25,15900.0,100.0,16000.0,16150.0,15750.0,34407.0,539.0,539.0,535.0,535.0,535.0,527.0
540,2022.02.24,15800.0,500.0,15900.0,16150.0,15500.0,59915.0,540.0,540.0,536.0,536.0,536.0,528.0
541,2022.02.23,16300.0,100.0,16200.0,16450.0,16050.0,25658.0,541.0,541.0,537.0,537.0,537.0,529.0
542,2022.02.22,16200.0,300.0,16200.0,16800.0,16000.0,20854.0,542.0,542.0,538.0,538.0,538.0,530.0
543,2022.02.21,16500.0,100.0,16200.0,16600.0,16100.0,24191.0,543.0,543.0,539.0,539.0,539.0,531.0
544,2022.02.18,16600.0,200.0,16000.0,16650.0,16000.0,22890.0,544.0,544.0,540.0,540.0,540.0,532.0
545,2022.02.17,16400.0,350.0,16750.0,17000.0,16200.0,40664.0,545.0,545.0,541.0,541.0,541.0,533.0
546,2022.02.16,16750.0,800.0,16300.0,16800.0,16300.0,34815.0,546.0,546.0,542.0,542.0,542.0,534.0
547,2022.02.15,15950.0,550.0,16500.0,16700.0,15850.0,47106.0,547.0,547.0,543.0,543.0,543.0,535.0
548,2022.02.14,16500.0,900.0,17000.0,17100.0,16450.0,43822.0,548.0,548.0,544.0,544.0,544.0,536.0
549,2022.02.11,17400.0,500.0,17900.0,17950.0,17400.0,38585.0,549.0,549.0,545.0,545.0,545.0,537.0
550,2022.02.10,17900.0,200.0,18300.0,18300.0,17550.0,37970.0,550.0,550.0,546.0,546.0,546.0,538.0
551,2022.02.09,18100.0,50.0,18200.0,18350.0,18000.0,26498.0,551.0,551.0,547.0,547.0,547.0,539.0
552,2022.02.08,18150.0,250.0,18150.0,18450.0,17950.0,38956.0,552.0,552.0,548.0,548.0,548.0,540.0
553,2022.02.07,18400.0,450.0,18000.0,18400.0,17800.0,36224.0,553.0,553.0,549.0,549.0,549.0,541.0
554,2022.02.04,17950.0,100.0,18050.0,18300.0,17600.0,50274.0,554.0,554.0,550.0,550.0,550.0,542.0
555,2022.02.03,18050.0,450.0,17800.0,18350.0,17750.0,59607.0,555.0,555.0,551.0,551.0,551.0,543.0
556,2022.01.28,17600.0,350.0,17400.0,17850.0,16950.0,81226.0,556.0,556.0,552.0,552.0,552.0,544.0
557,2022.01.27,17250.0,950.0,18300.0,18800.0,17000.0,98387.0,557.0,557.0,553.0,553.0,553.0,545.0
558,2022.01.26,18200.0,50.0,18250.0,18500.0,17900.0,47229.0,558.0,558.0,554.0,554.0,554.0,546.0
559,2022.01.25,18250.0,850.0,18900.0,19400.0,18200.0,94657.0,559.0,559.0,555.0,555.0,555.0,547.0
560,2022.01.24,19100.0,650.0,19500.0,20000.0,19000.0,49220.0,560.0,560.0,556.0,556.0,556.0,548.0
561,2022.01.21,19750.0,100.0,20200.0,20400.0,19700.0,98731.0,561.0,561.0,557.0,557.0,557.0,549.0
562,2022.01.20,19850.0,150.0,19550.0,20250.0,19550.0,79128.0,562.0,562.0,558.0,558.0,558.0,550.0
563,2022.01.19,19700.0,1100.0,18300.0,20300.0,18200.0,172485.0,563.0,563.0,559.0,559.0,559.0,551.0
564,2022.01.18,18600.0,350.0,18750.0,19100.0,18350.0,61872.0,564.0,564.0,560.0,560.0,560.0,552.0
565,2022.01.17,18950.0,350.0,19300.0,19400.0,18900.0,44732.0,565.0,565.0,561.0,561.0,561.0,553.0
566,2022.01.14,19300.0,250.0,19150.0,19500.0,19100.0,37682.0,566.0,566.0,562.0,562.0,562.0,554.0
567,2022.01.13,19550.0,550.0,20400.0,20400.0,19500.0,64749.0,567.0,567.0,563.0,563.0,563.0,555.0
568,2022.01.12,20100.0,600.0,19650.0,20200.0,19600.0,37296.0,568.0,568.0,564.0,564.0,564.0,556.0
569,2022.01.11,19500.0,200.0,19550.0,20550.0,19350.0,79480.0,569.0,569.0,565.0,565.0,565.0,557.0
570,2022.01.10,19700.0,100.0,19950.0,19950.0,19200.0,81644.0,570.0,570.0,566.0,566.0,566.0,558.0
571,2022.01.07,19800.0,0.0,19800.0,20300.0,19750.0,71048.0,571.0,571.0,567.0,567.0,567.0,559.0
572,2022.01.06,19800.0,1000.0,20050.0,20600.0,19600.0,134497.0,572.0,572.0,568.0,568.0,568.0,560.0
573,2022.01.05,20800.0,1200.0,21950.0,21950.0,20800.0,178227.0,573.0,573.0,569.0,569.0,569.0,561.0
574,2022.01.04,22000.0,1250.0,21050.0,22200.0,20950.0,378005.0,574.0,574.0,570.0,570.0,570.0,562.0
575,2022.01.03,20750.0,150.0,20650.0,20950.0,20400.0,117242.0,575.0,575.0,571.0,571.0,571.0,563.0
576,2021.12.30,20600.0,250.0,21200.0,21200.0,20150.0,94766.0,576.0,576.0,572.0,572.0,572.0,564.0
577,2021.12.29,20850.0,50.0,20600.0,21000.0,20450.0,76580.0,577.0,577.0,573.0,573.0,573.0,565.0
578,2021.12.28,20800.0,500.0,20400.0,21000.0,20000.0,165634.0,578.0,578.0,574.0,574.0,574.0,566.0
579,2021.12.27,20300.0,650.0,19500.0,20450.0,19500.0,87181.0,579.0,579.0,575.0,575.0,575.0,567.0
580,2021.12.24,19650.0,50.0,19650.0,20000.0,19550.0,47962.0,580.0,580.0,576.0,576.0,576.0,568.0
581,2021.12.23,19700.0,50.0,19650.0,20000.0,19050.0,118961.0,581.0,581.0,577.0,577.0,577.0,569.0
582,2021.12.22,19650.0,450.0,20450.0,20450.0,19450.0,111171.0,582.0,582.0,578.0,578.0,578.0,570.0
583,2021.12.21,20100.0,50.0,20150.0,20650.0,19450.0,134688.0,583.0,583.0,579.0,579.0,579.0,571.0
584,2021.12.20,20150.0,1000.0,21000.0,21050.0,20050.0,150305.0,584.0,584.0,580.0,580.0,580.0,572.0
585,2021.12.17,21150.0,800.0,21850.0,21950.0,21000.0,143902.0,585.0,585.0,581.0,581.0,581.0,573.0
586,2021.12.16,21950.0,800.0,22900.0,22900.0,21600.0,165025.0,586.0,586.0,582.0,582.0,582.0,574.0
587,2021.12.15,22750.0,50.0,22700.0,23600.0,22550.0,208229.0,587.0,587.0,583.0,583.0,583.0,575.0
588,2021.12.14,22800.0,1300.0,21850.0,23900.0,21600.0,525041.0,588.0,588.0,584.0,584.0,584.0,576.0
589,2021.12.13,21500.0,1500.0,22950.0,24000.0,21300.0,309165.0,589.0,589.0,585.0,585.0,585.0,577.0
590,2021.12.10,23000.0,750.0,22000.0,23750.0,21950.0,515300.0,590.0,590.0,586.0,586.0,586.0,578.0
591,2021.12.09,22250.0,2450.0,20000.0,24200.0,19800.0,1354544.0,591.0,591.0,587.0,587.0,587.0,579.0
592,2021.12.08,19800.0,50.0,19800.0,20400.0,19450.0,133083.0,592.0,592.0,588.0,588.0,588.0,580.0
593,2021.12.07,19750.0,750.0,18900.0,20600.0,18900.0,286765.0,593.0,593.0,589.0,589.0,589.0,581.0
594,2021.12.06,19000.0,100.0,18850.0,19100.0,18400.0,126173.0,594.0,594.0,590.0,590.0,590.0,582.0
595,2021.12.03,19100.0,450.0,18850.0,19700.0,18850.0,125726.0,595.0,595.0,591.0,591.0,591.0,583.0
596,2021.12.02,18650.0,250.0,18500.0,18950.0,18400.0,169439.0,596.0,596.0,592.0,592.0,592.0,584.0
597,2021.12.01,18900.0,300.0,18600.0,19350.0,18150.0,106677.0,597.0,597.0,593.0,593.0,593.0,585.0
598,2021.11.30,18600.0,1200.0,19850.0,20300.0,18350.0,103580.0,598.0,598.0,594.0,594.0,594.0,586.0
599,2021.11.29,19800.0,200.0,19450.0,20100.0,19250.0,73846.0,599.0,599.0,595.0,595.0,595.0,587.0
600,2021.11.26,20000.0,950.0,20950.0,21200.0,19950.0,117962.0,600.0,600.0,596.0,596.0,596.0,588.0
601,2021.11.25,20950.0,0.0,20800.0,21350.0,20550.0,68433.0,601.0,601.0,597.0,597.0,597.0,589.0
602,2021.11.24,20950.0,250.0,21000.0,21700.0,20600.0,70171.0,602.0,602.0,598.0,598.0,598.0,590.0
603,2021.11.23,21200.0,600.0,21700.0,21900.0,21200.0,56113.0,603.0,603.0,599.0,599.0,599.0,591.0
604,2021.11.22,21800.0,450.0,22250.0,22400.0,21650.0,98187.0,604.0,604.0,600.0,600.0,600.0,592.0
605,2021.11.19,22250.0,50.0,22100.0,22650.0,22000.0,58129.0,605.0,605.0,601.0,601.0,601.0,593.0
606,2021.11.18,22300.0,450.0,22700.0,22800.0,21750.0,166410.0,606.0,606.0,602.0,602.0,602.0,594.0
607,2021.11.17,22750.0,450.0,23000.0,23400.0,22100.0,54361.0,607.0,607.0,603.0,603.0,603.0,595.0
608,2021.11.16,23200.0,50.0,23450.0,23450.0,22900.0,36037.0,608.0,608.0,604.0,604.0,604.0,596.0
609,2021.11.15,23250.0,350.0,22900.0,23400.0,22800.0,37407.0,609.0,609.0,605.0,605.0,605.0,597.0
610,2021.11.12,22900.0,450.0,22200.0,23150.0,22150.0,41422.0,610.0,610.0,606.0,606.0,606.0,598.0
611,2021.11.11,22450.0,400.0,23350.0,23350.0,22150.0,88361.0,611.0,611.0,607.0,607.0,607.0,599.0
612,2021.11.10,22850.0,1450.0,24050.0,24600.0,22750.0,134704.0,612.0,612.0,608.0,608.0,608.0,600.0
613,2021.11.09,24300.0,350.0,24650.0,25150.0,23950.0,122193.0,613.0,613.0,609.0,609.0,609.0,601.0
614,2021.11.08,24650.0,450.0,25000.0,25000.0,24350.0,57863.0,614.0,614.0,610.0,610.0,610.0,602.0
615,2021.11.05,25100.0,400.0,25500.0,25500.0,24750.0,51140.0,615.0,615.0,611.0,611.0,611.0,603.0
616,2021.11.04,25500.0,50.0,25500.0,25900.0,25100.0,55629.0,616.0,616.0,612.0,612.0,612.0,604.0
617,2021.11.03,25450.0,500.0,26300.0,26300.0,25400.0,45647.0,617.0,617.0,613.0,613.0,613.0,605.0
618,2021.11.02,25950.0,250.0,25950.0,26250.0,25600.0,45021.0,618.0,618.0,614.0,614.0,614.0,606.0
619,2021.11.01,25700.0,250.0,26000.0,26100.0,25400.0,49590.0,619.0,619.0,615.0,615.0,615.0,607.0
620,2021.10.29,25950.0,300.0,26300.0,26600.0,25450.0,82027.0,620.0,620.0,616.0,616.0,616.0,608.0
621,2021.10.28,26250.0,1600.0,28300.0,29700.0,25550.0,433388.0,621.0,621.0,617.0,617.0,617.0,609.0
622,2021.10.27,27850.0,300.0,28200.0,28450.0,27700.0,45326.0,622.0,622.0,618.0,618.0,618.0,610.0
623,2021.10.26,28150.0,1550.0,26750.0,28800.0,26750.0,114078.0,623.0,623.0,619.0,619.0,619.0,611.0
624,2021.10.25,26600.0,0.0,26600.0,27100.0,26050.0,30894.0,624.0,624.0,620.0,620.0,620.0,612.0
625,2021.10.22,26600.0,100.0,26250.0,26850.0,26150.0,30253.0,625.0,625.0,621.0,621.0,621.0,613.0
626,2021.10.21,26700.0,850.0,27300.0,27500.0,26700.0,46712.0,626.0,626.0,622.0,622.0,622.0,614.0
627,2021.10.20,27550.0,350.0,28000.0,28100.0,27500.0,28233.0,627.0,627.0,623.0,623.0,623.0,615.0
628,2021.10.19,27900.0,300.0,27750.0,28500.0,27750.0,21838.0,628.0,628.0,624.0,624.0,624.0,616.0
629,2021.10.18,28200.0,50.0,28450.0,28500.0,27100.0,31695.0,629.0,629.0,625.0,625.0,625.0,617.0
630,2021.10.15,28150.0,50.0,28200.0,28300.0,27600.0,34302.0,630.0,630.0,626.0,626.0,626.0,618.0
631,2021.10.14,28200.0,800.0,27600.0,28350.0,26900.0,78183.0,631.0,631.0,627.0,627.0,627.0,619.0
632,2021.10.13,27400.0,350.0,27050.0,27950.0,27000.0,50639.0,632.0,632.0,628.0,628.0,628.0,620.0
633,2021.10.12,27050.0,650.0,26450.0,27200.0,26000.0,43188.0,633.0,633.0,629.0,629.0,629.0,621.0
634,2021.10.08,26400.0,100.0,26400.0,27200.0,25700.0,47777.0,634.0,634.0,630.0,630.0,630.0,622.0
635,2021.10.07,26300.0,2100.0,24400.0,26550.0,24300.0,99253.0,635.0,635.0,631.0,631.0,631.0,623.0
636,2021.10.06,24200.0,1700.0,25750.0,26350.0,24100.0,121681.0,636.0,636.0,632.0,632.0,632.0,624.0
637,2021.10.05,25900.0,1550.0,27000.0,27450.0,25800.0,117718.0,637.0,637.0,633.0,633.0,633.0,625.0
638,2021.10.01,27450.0,300.0,27400.0,27900.0,27200.0,81196.0,638.0,638.0,634.0,634.0,634.0,626.0
639,2021.09.30,27750.0,0.0,27750.0,28000.0,27500.0,78911.0,639.0,639.0,635.0,635.0,635.0,627.0
640,2021.09.29,27750.0,1050.0,27600.0,28400.0,27400.0,140849.0,640.0,640.0,636.0,636.0,636.0,628.0
641,2021.09.28,28800.0,1050.0,29850.0,30000.0,28500.0,114720.0,641.0,641.0,637.0,637.0,637.0,629.0
642,2021.09.27,29850.0,800.0,28800.0,30900.0,28700.0,115869.0,642.0,642.0,638.0,638.0,638.0,630.0
643,2021.09.24,29050.0,200.0,29250.0,29600.0,28400.0,99024.0,643.0,643.0,639.0,639.0,639.0,631.0
644,2021.09.23,29250.0,900.0,29750.0,30000.0,29150.0,64335.0,644.0,644.0,640.0,640.0,640.0,632.0
645,2021.09.17,30150.0,0.0,30500.0,30500.0,29700.0,44656.0,645.0,645.0,641.0,641.0,641.0,633.0
646,2021.09.16,30150.0,300.0,29850.0,30400.0,29800.0,39898.0,646.0,646.0,642.0,642.0,642.0,634.0
647,2021.09.15,29850.0,0.0,29950.0,30800.0,29850.0,69168.0,647.0,647.0,643.0,643.0,643.0,635.0
648,2021.09.14,29850.0,0.0,29850.0,30200.0,29500.0,70002.0,648.0,648.0,644.0,644.0,644.0,636.0
649,2021.09.13,29850.0,1250.0,31200.0,31200.0,29350.0,152683.0,649.0,649.0,645.0,645.0,645.0,637.0
650,2021.09.10,31100.0,1500.0,32050.0,32050.0,31100.0,104822.0,650.0,650.0,646.0,646.0,646.0,638.0
651,2021.09.09,32600.0,450.0,31700.0,32600.0,30900.0,141634.0,651.0,651.0,647.0,647.0,647.0,639.0
652,2021.09.08,32150.0,400.0,32650.0,33800.0,32000.0,179697.0,652.0,652.0,648.0,648.0,648.0,640.0
653,2021.09.07,32550.0,2000.0,34550.0,34600.0,31600.0,364314.0,653.0,653.0,649.0,649.0,649.0,641.0
654,2021.09.06,34550.0,650.0,34900.0,36100.0,33950.0,254181.0,654.0,654.0,650.0,650.0,650.0,642.0
655,2021.09.03,35200.0,1100.0,34950.0,36800.0,34300.0,723134.0,655.0,655.0,651.0,651.0,651.0,643.0
656,2021.09.02,34100.0,1000.0,33400.0,34950.0,32450.0,388694.0,656.0,656.0,652.0,652.0,652.0,644.0
657,2021.09.01,33100.0,1050.0,31900.0,33300.0,31450.0,188258.0,657.0,657.0,653.0,653.0,653.0,645.0
658,2021.08.31,32050.0,1450.0,30600.0,32400.0,30500.0,126723.0,658.0,658.0,654.0,654.0,654.0,646.0
659,2021.08.30,30600.0,950.0,31550.0,31900.0,30550.0,119892.0,659.0,659.0,655.0,655.0,655.0,647.0
660,2021.08.27,31550.0,2100.0,30350.0,32750.0,29950.0,439587.0,660.0,660.0,656.0,656.0,656.0,648.0
661,2021.08.26,29450.0,300.0,29150.0,29900.0,28850.0,48313.0,661.0,661.0,657.0,657.0,657.0,649.0
662,2021.08.25,29150.0,450.0,28700.0,30100.0,28700.0,71077.0,662.0,662.0,658.0,658.0,658.0,650.0
663,2021.08.24,28700.0,1150.0,27800.0,28800.0,27750.0,58354.0,663.0,663.0,659.0,659.0,659.0,651.0
664,2021.08.23,27550.0,150.0,27450.0,28250.0,27400.0,46193.0,664.0,664.0,660.0,660.0,660.0,652.0
665,2021.08.20,27400.0,1100.0,28550.0,29100.0,27050.0,92198.0,665.0,665.0,661.0,661.0,661.0,653.0
666,2021.08.19,28500.0,950.0,29100.0,30500.0,28500.0,90472.0,666.0,666.0,662.0,662.0,662.0,654.0
667,2021.08.18,29450.0,550.0,28850.0,29600.0,27850.0,77212.0,667.0,667.0,663.0,663.0,663.0,655.0
668,2021.08.17,28900.0,1350.0,30100.0,30400.0,28300.0,109080.0,668.0,668.0,664.0,664.0,664.0,656.0
669,2021.08.13,30250.0,300.0,31100.0,31100.0,29900.0,77628.0,669.0,669.0,665.0,665.0,665.0,657.0
670,2021.08.12,30550.0,250.0,30800.0,31100.0,30400.0,47960.0,670.0,670.0,666.0,666.0,666.0,658.0
671,2021.08.11,30800.0,350.0,30350.0,30850.0,30200.0,51746.0,671.0,671.0,667.0,667.0,667.0,659.0
672,2021.08.10,30450.0,350.0,30900.0,31000.0,30350.0,64696.0,672.0,672.0,668.0,668.0,668.0,660.0
673,2021.08.09,30800.0,850.0,31650.0,31800.0,30700.0,106722.0,673.0,673.0,669.0,669.0,669.0,661.0
674,2021.08.06,31650.0,400.0,32000.0,32050.0,31600.0,42676.0,674.0,674.0,670.0,670.0,670.0,662.0
675,2021.08.05,32050.0,650.0,31500.0,32150.0,31500.0,50904.0,675.0,675.0,671.0,671.0,671.0,663.0
676,2021.08.04,31400.0,250.0,31150.0,31550.0,31000.0,33815.0,676.0,676.0,672.0,672.0,672.0,664.0
677,2021.08.03,31150.0,100.0,31150.0,31600.0,30850.0,45440.0,677.0,677.0,673.0,673.0,673.0,665.0
678,2021.08.02,31250.0,300.0,31750.0,31800.0,30600.0,40346.0,678.0,678.0,674.0,674.0,674.0,666.0
679,2021.07.30,31550.0,450.0,32300.0,32300.0,31300.0,67194.0,679.0,679.0,675.0,675.0,675.0,667.0
680,2021.07.29,32000.0,100.0,32100.0,32550.0,31700.0,70037.0,680.0,680.0,676.0,676.0,676.0,668.0
681,2021.07.28,32100.0,250.0,32200.0,32500.0,32050.0,51757.0,681.0,681.0,677.0,677.0,677.0,669.0
682,2021.07.27,32350.0,100.0,32250.0,32800.0,32250.0,43834.0,682.0,682.0,678.0,678.0,678.0,670.0
683,2021.07.26,32250.0,800.0,32900.0,33100.0,32250.0,89995.0,683.0,683.0,679.0,679.0,679.0,671.0
684,2021.07.23,33050.0,1300.0,32900.0,33650.0,32800.0,218043.0,684.0,684.0,680.0,680.0,680.0,672.0
685,2021.07.22,34350.0,500.0,35100.0,36100.0,33600.0,343127.0,685.0,685.0,681.0,681.0,681.0,673.0
686,2021.07.21,33850.0,1550.0,32500.0,33900.0,32500.0,97567.0,686.0,686.0,682.0,682.0,682.0,674.0
687,2021.07.20,32300.0,50.0,32250.0,32700.0,32200.0,39125.0,687.0,687.0,683.0,683.0,683.0,675.0
688,2021.07.19,32250.0,350.0,32600.0,32600.0,31850.0,54459.0,688.0,688.0,684.0,684.0,684.0,676.0
689,2021.07.16,32600.0,350.0,32250.0,32600.0,32000.0,40085.0,689.0,689.0,685.0,685.0,685.0,677.0
690,2021.07.15,32250.0,550.0,32600.0,33200.0,32250.0,67187.0,690.0,690.0,686.0,686.0,686.0,678.0
691,2021.07.14,32800.0,950.0,33250.0,33800.0,32500.0,102783.0,691.0,691.0,687.0,687.0,687.0,679.0
692,2021.07.13,33750.0,300.0,33650.0,33950.0,33300.0,52402.0,692.0,692.0,688.0,688.0,688.0,680.0
693,2021.07.12,33450.0,50.0,33500.0,34150.0,33450.0,53087.0,693.0,693.0,689.0,689.0,689.0,681.0
694,2021.07.09,33500.0,0.0,33450.0,33750.0,32850.0,92645.0,694.0,694.0,690.0,690.0,690.0,682.0
695,2021.07.08,33500.0,1100.0,34700.0,34850.0,33300.0,117349.0,695.0,695.0,691.0,691.0,691.0,683.0
696,2021.07.07,34600.0,700.0,35300.0,35500.0,34350.0,103051.0,696.0,696.0,692.0,692.0,692.0,684.0
697,2021.07.06,35300.0,1000.0,37000.0,37450.0,34750.0,318378.0,697.0,697.0,693.0,693.0,693.0,685.0
698,2021.07.05,36300.0,1200.0,35200.0,36400.0,35200.0,323524.0,698.0,698.0,694.0,694.0,694.0,686.0
699,2021.07.02,35100.0,250.0,34700.0,35750.0,34300.0,276247.0,699.0,699.0,695.0,695.0,695.0,687.0
700,2021.07.01,34850.0,2150.0,32850.0,34950.0,32500.0,324161.0,700.0,700.0,696.0,696.0,696.0,688.0
701,2021.06.30,32700.0,700.0,32500.0,32750.0,31950.0,52900.0,701.0,701.0,697.0,697.0,697.0,689.0
702,2021.06.29,32000.0,450.0,32500.0,32700.0,31850.0,56230.0,702.0,702.0,698.0,698.0,698.0,690.0
703,2021.06.28,32450.0,450.0,32000.0,32700.0,32000.0,67236.0,703.0,703.0,699.0,699.0,699.0,691.0
704,2021.06.25,32000.0,600.0,31500.0,33150.0,31450.0,187972.0,704.0,704.0,700.0,700.0,700.0,692.0
705,2021.06.24,31400.0,100.0,31350.0,32000.0,31150.0,67051.0,705.0,705.0,701.0,701.0,701.0,693.0
706,2021.06.23,31300.0,0.0,31650.0,31700.0,31250.0,69908.0,706.0,706.0,702.0,702.0,702.0,694.0
707,2021.06.22,31300.0,400.0,31900.0,31900.0,31250.0,54083.0,707.0,707.0,703.0,703.0,703.0,695.0
708,2021.06.21,31700.0,50.0,31600.0,32200.0,31150.0,48824.0,708.0,708.0,704.0,704.0,704.0,696.0
709,2021.06.18,31650.0,50.0,31700.0,31800.0,31300.0,62952.0,709.0,709.0,705.0,705.0,705.0,697.0
710,2021.06.17,31600.0,150.0,31750.0,31900.0,31350.0,43543.0,710.0,710.0,706.0,706.0,706.0,698.0
711,2021.06.16,31750.0,100.0,31700.0,32500.0,31600.0,61919.0,711.0,711.0,707.0,707.0,707.0,699.0
712,2021.06.15,31650.0,250.0,31900.0,32000.0,31600.0,38987.0,712.0,712.0,708.0,708.0,708.0,700.0
713,2021.06.14,31900.0,50.0,31850.0,32200.0,31850.0,31828.0,713.0,713.0,709.0,709.0,709.0,701.0
714,2021.06.11,31850.0,0.0,32250.0,32600.0,31800.0,39502.0,714.0,714.0,710.0,710.0,710.0,702.0
715,2021.06.10,31850.0,250.0,31600.0,32600.0,31400.0,50680.0,715.0,715.0,711.0,711.0,711.0,703.0
716,2021.06.09,31600.0,400.0,32050.0,32050.0,31600.0,39956.0,716.0,716.0,712.0,712.0,712.0,704.0
717,2021.06.08,32000.0,0.0,31800.0,32300.0,31750.0,44402.0,717.0,717.0,713.0,713.0,713.0,705.0
718,2021.06.07,32000.0,700.0,33100.0,33100.0,31700.0,66404.0,718.0,718.0,714.0,714.0,714.0,706.0
719,2021.06.04,32700.0,550.0,32500.0,33200.0,31800.0,87658.0,719.0,719.0,715.0,715.0,715.0,707.0
720,2021.06.03,32150.0,50.0,32400.0,32800.0,31750.0,52291.0,720.0,720.0,716.0,716.0,716.0,708.0
721,2021.06.02,32100.0,700.0,33200.0,33200.0,32000.0,57411.0,721.0,721.0,717.0,717.0,717.0,709.0
722,2021.06.01,32800.0,50.0,32800.0,33300.0,32500.0,48494.0,722.0,722.0,718.0,718.0,718.0,710.0
723,2021.05.31,32850.0,350.0,33850.0,33850.0,32850.0,50391.0,723.0,723.0,719.0,719.0,719.0,711.0
724,2021.05.28,33200.0,850.0,32950.0,33400.0,32600.0,55873.0,724.0,724.0,720.0,720.0,720.0,712.0
725,2021.05.27,32350.0,1000.0,31500.0,32750.0,31300.0,87245.0,725.0,725.0,721.0,721.0,721.0,713.0
726,2021.05.26,31350.0,150.0,31800.0,31850.0,31200.0,52885.0,726.0,726.0,722.0,722.0,722.0,714.0
727,2021.05.25,31500.0,50.0,31750.0,31750.0,31150.0,50133.0,727.0,727.0,723.0,723.0,723.0,715.0
728,2021.05.24,31450.0,1200.0,32700.0,32900.0,31400.0,64550.0,728.0,728.0,724.0,724.0,724.0,716.0
729,2021.05.21,32650.0,250.0,32400.0,33300.0,32150.0,52257.0,729.0,729.0,725.0,725.0,725.0,717.0
730,2021.05.20,32400.0,400.0,33000.0,33000.0,32150.0,54559.0,730.0,730.0,726.0,726.0,726.0,718.0
731,2021.05.18,32800.0,200.0,33000.0,33200.0,32750.0,57079.0,731.0,731.0,727.0,727.0,727.0,719.0
732,2021.05.17,33000.0,900.0,34150.0,34150.0,32500.0,80466.0,732.0,732.0,728.0,728.0,728.0,720.0
733,2021.05.14,33900.0,250.0,34250.0,34800.0,33500.0,94287.0,733.0,733.0,729.0,729.0,729.0,721.0
734,2021.05.13,33650.0,750.0,33500.0,34800.0,33200.0,110918.0,734.0,734.0,730.0,730.0,730.0,722.0
735,2021.05.12,34400.0,1750.0,36200.0,36400.0,34050.0,202832.0,735.0,735.0,731.0,731.0,731.0,723.0
736,2021.05.11,36150.0,1000.0,37100.0,37100.0,36050.0,124096.0,736.0,736.0,732.0,732.0,732.0,724.0
737,2021.05.10,37150.0,300.0,37250.0,37750.0,36850.0,136056.0,737.0,737.0,733.0,733.0,733.0,725.0
738,2021.05.07,37450.0,950.0,37000.0,37700.0,36600.0,168558.0,738.0,738.0,734.0,734.0,734.0,726.0
739,2021.05.06,36500.0,400.0,36550.0,37250.0,36100.0,123713.0,739.0,739.0,735.0,735.0,735.0,727.0
740,2021.05.04,36900.0,800.0,36350.0,37100.0,36000.0,145565.0,740.0,740.0,736.0,736.0,736.0,728.0
741,2021.05.03,36100.0,750.0,36450.0,37650.0,35500.0,183484.0,741.0,741.0,737.0,737.0,737.0,729.0
742,2021.04.30,36850.0,1050.0,35800.0,38150.0,35600.0,393136.0,742.0,742.0,738.0,738.0,738.0,730.0
743,2021.04.29,35800.0,750.0,37000.0,37150.0,35400.0,136791.0,743.0,743.0,739.0,739.0,739.0,731.0
744,2021.04.28,36550.0,750.0,37700.0,37900.0,36550.0,190577.0,744.0,744.0,740.0,740.0,740.0,732.0
745,2021.04.27,37300.0,750.0,37800.0,38850.0,36950.0,601234.0,745.0,745.0,741.0,741.0,741.0,733.0
746,2021.04.26,36550.0,450.0,36600.0,38100.0,36200.0,362962.0,746.0,746.0,742.0,742.0,742.0,734.0
747,2021.04.23,37000.0,1350.0,36450.0,37700.0,35000.0,474971.0,747.0,747.0,743.0,743.0,743.0,735.0
748,2021.04.22,38350.0,4750.0,33650.0,38350.0,33650.0,743860.0,748.0,748.0,744.0,744.0,744.0,736.0
749,2021.04.21,33600.0,900.0,34550.0,34600.0,33550.0,121813.0,749.0,749.0,745.0,745.0,745.0,737.0
750,2021.04.20,34500.0,500.0,35100.0,35100.0,34400.0,110765.0,750.0,750.0,746.0,746.0,746.0,738.0
751,2021.04.19,35000.0,900.0,33850.0,35500.0,33650.0,214558.0,751.0,751.0,747.0,747.0,747.0,739.0
752,2021.04.16,34100.0,1050.0,33100.0,35000.0,33100.0,259452.0,752.0,752.0,748.0,748.0,748.0,740.0
753,2021.04.15,33050.0,500.0,33600.0,34000.0,32850.0,106797.0,753.0,753.0,749.0,749.0,749.0,741.0
754,2021.04.14,33550.0,50.0,34500.0,34550.0,33250.0,166384.0,754.0,754.0,750.0,750.0,750.0,742.0
755,2021.04.13,33600.0,650.0,33300.0,34300.0,33100.0,194714.0,755.0,755.0,751.0,751.0,751.0,743.0
756,2021.04.12,32950.0,150.0,32600.0,34200.0,32250.0,223219.0,756.0,756.0,752.0,752.0,752.0,744.0
757,2021.04.09,32800.0,1800.0,30900.0,33900.0,30900.0,466234.0,757.0,757.0,753.0,753.0,753.0,745.0
758,2021.04.08,31000.0,500.0,31500.0,31700.0,30750.0,172033.0,758.0,758.0,754.0,754.0,754.0,746.0
759,2021.04.07,31500.0,800.0,32300.0,32500.0,31450.0,216294.0,759.0,759.0,755.0,755.0,755.0,747.0
760,2021.04.06,32300.0,2200.0,30150.0,36900.0,30150.0,2172280.0,760.0,760.0,756.0,756.0,756.0,748.0
761,2021.04.05,30100.0,950.0,31200.0,31350.0,30100.0,130657.0,761.0,761.0,757.0,757.0,757.0,749.0
762,2021.04.02,31050.0,300.0,31700.0,31850.0,30700.0,78229.0,762.0,762.0,758.0,758.0,758.0,750.0
763,2021.04.01,31350.0,800.0,30800.0,31800.0,29900.0,144730.0,763.0,763.0,759.0,759.0,759.0,751.0
764,2021.03.31,30550.0,1350.0,31300.0,32100.0,30550.0,172145.0,764.0,764.0,760.0,760.0,760.0,752.0
765,2021.03.30,31900.0,250.0,31650.0,32400.0,31600.0,82125.0,765.0,765.0,761.0,761.0,761.0,753.0
766,2021.03.29,31650.0,1250.0,32850.0,32850.0,31550.0,161741.0,766.0,766.0,762.0,762.0,762.0,754.0
767,2021.03.26,32900.0,650.0,33700.0,34000.0,32850.0,148337.0,767.0,767.0,763.0,763.0,763.0,755.0
768,2021.03.25,33550.0,400.0,33800.0,34300.0,33100.0,248918.0,768.0,768.0,764.0,764.0,764.0,756.0
769,2021.03.24,33950.0,600.0,34450.0,34450.0,33750.0,112031.0,769.0,769.0,765.0,765.0,765.0,757.0
770,2021.03.23,34550.0,1600.0,36150.0,36150.0,34300.0,139640.0,770.0,770.0,766.0,766.0,766.0,758.0
771,2021.03.22,36150.0,600.0,35550.0,36400.0,35050.0,155645.0,771.0,771.0,767.0,767.0,767.0,759.0
772,2021.03.19,35550.0,350.0,34550.0,36250.0,34300.0,132119.0,772.0,772.0,768.0,768.0,768.0,760.0
773,2021.03.18,35200.0,100.0,36000.0,37050.0,35200.0,207522.0,773.0,773.0,769.0,769.0,769.0,761.0
774,2021.03.17,35100.0,300.0,35000.0,38000.0,34150.0,360124.0,774.0,774.0,770.0,770.0,770.0,762.0
775,2021.03.16,35400.0,750.0,34850.0,35400.0,34500.0,106270.0,775.0,775.0,771.0,771.0,771.0,763.0
776,2021.03.15,34650.0,0.0,34900.0,35300.0,34400.0,116326.0,776.0,776.0,772.0,772.0,772.0,764.0
777,2021.03.12,34650.0,900.0,34200.0,35250.0,34050.0,173007.0,777.0,777.0,773.0,773.0,773.0,765.0
778,2021.03.11,33750.0,250.0,34900.0,34900.0,33700.0,177307.0,778.0,778.0,774.0,774.0,774.0,766.0
779,2021.03.10,34000.0,1300.0,35950.0,36500.0,33800.0,159672.0,779.0,779.0,775.0,775.0,775.0,767.0
780,2021.03.09,35300.0,700.0,36100.0,36450.0,34500.0,143740.0,780.0,780.0,776.0,776.0,776.0,768.0
781,2021.03.08,36000.0,1600.0,37600.0,38950.0,35950.0,175191.0,781.0,781.0,777.0,777.0,777.0,769.0
782,2021.03.05,37600.0,2250.0,39350.0,39700.0,37600.0,236141.0,782.0,782.0,778.0,778.0,778.0,770.0
783,2021.03.04,39850.0,1050.0,40250.0,40850.0,39400.0,290177.0,783.0,783.0,779.0,779.0,779.0,771.0
784,2021.03.03,40900.0,2900.0,37550.0,41950.0,37550.0,1019364.0,784.0,784.0,780.0,780.0,780.0,772.0
785,2021.03.02,38000.0,2950.0,35350.0,40100.0,35350.0,962263.0,785.0,785.0,781.0,781.0,781.0,773.0
786,2021.02.26,35050.0,1650.0,36150.0,36900.0,34800.0,254960.0,786.0,786.0,782.0,782.0,782.0,774.0
787,2021.02.25,36700.0,350.0,36850.0,39200.0,36350.0,752426.0,787.0,787.0,783.0,783.0,783.0,775.0
788,2021.02.24,36350.0,2300.0,34100.0,40950.0,33650.0,2727441.0,788.0,788.0,784.0,784.0,784.0,776.0
789,2021.02.23,34050.0,1800.0,35500.0,35700.0,33900.0,262830.0,789.0,789.0,785.0,785.0,785.0,777.0
790,2021.02.22,35850.0,1350.0,37200.0,38450.0,35800.0,244396.0,790.0,790.0,786.0,786.0,786.0,778.0
791,2021.02.19,37200.0,2450.0,38500.0,39400.0,36150.0,467379.0,791.0,791.0,787.0,787.0,787.0,779.0
792,2021.02.18,39650.0,1500.0,40150.0,40600.0,39550.0,304616.0,792.0,792.0,788.0,788.0,788.0,780.0
793,2021.02.17,41150.0,1800.0,42200.0,42500.0,41000.0,247739.0,793.0,793.0,789.0,789.0,789.0,781.0
794,2021.02.16,42950.0,1800.0,41350.0,43900.0,41000.0,520428.0,794.0,794.0,790.0,790.0,790.0,782.0
795,2021.02.15,41150.0,0.0,41950.0,41950.0,40900.0,219972.0,795.0,795.0,791.0,791.0,791.0,783.0
796,2021.02.10,41150.0,1000.0,42400.0,42500.0,41050.0,150372.0,796.0,796.0,792.0,792.0,792.0,784.0
797,2021.02.09,42150.0,450.0,41650.0,42650.0,40800.0,238871.0,797.0,797.0,793.0,793.0,793.0,785.0
798,2021.02.08,41700.0,800.0,40950.0,42100.0,39500.0,349799.0,798.0,798.0,794.0,794.0,794.0,786.0
799,2021.02.05,40900.0,600.0,41700.0,42250.0,40600.0,234248.0,799.0,799.0,795.0,795.0,795.0,787.0
800,2021.02.04,41500.0,1000.0,43100.0,43900.0,41300.0,298562.0,800.0,800.0,796.0,796.0,796.0,788.0
801,2021.02.03,42500.0,900.0,43700.0,44100.0,42200.0,243939.0,801.0,801.0,797.0,797.0,797.0,789.0
802,2021.02.02,43400.0,550.0,44800.0,44950.0,42850.0,258355.0,802.0,802.0,798.0,798.0,798.0,790.0
803,2021.02.01,43950.0,1200.0,42400.0,45350.0,41850.0,461162.0,803.0,803.0,799.0,799.0,799.0,791.0
804,2021.01.29,42750.0,2200.0,45650.0,46600.0,41500.0,604109.0,804.0,804.0,800.0,800.0,800.0,792.0
805,2021.01.28,44950.0,3550.0,46650.0,47200.0,44800.0,679512.0,805.0,805.0,801.0,801.0,801.0,793.0
806,2021.01.27,48500.0,2100.0,51700.0,54000.0,48500.0,1331398.0,806.0,806.0,802.0,802.0,802.0,794.0
807,2021.01.26,50600.0,4950.0,46300.0,53900.0,45800.0,4473122.0,807.0,807.0,803.0,803.0,803.0,795.0
808,2021.01.25,45650.0,600.0,45300.0,46700.0,45050.0,362305.0,808.0,808.0,804.0,804.0,804.0,796.0
809,2021.01.22,45050.0,1700.0,46950.0,47150.0,45000.0,425659.0,809.0,809.0,805.0,805.0,805.0,797.0
810,2021.01.21,46750.0,2050.0,45800.0,48100.0,45450.0,871991.0,810.0,810.0,806.0,806.0,806.0,798.0
811,2021.01.20,44700.0,150.0,45100.0,46700.0,44150.0,633220.0,811.0,811.0,807.0,807.0,807.0,799.0
812,2021.01.19,44850.0,2700.0,47300.0,48100.0,43650.0,970481.0,812.0,812.0,808.0,808.0,808.0,800.0
813,2021.01.18,47550.0,1100.0,47900.0,50400.0,46500.0,705304.0,813.0,813.0,809.0,809.0,809.0,801.0
814,2021.01.15,48650.0,2750.0,50300.0,51500.0,48650.0,748778.0,814.0,814.0,810.0,810.0,810.0,802.0
815,2021.01.14,51400.0,3100.0,49050.0,52300.0,48550.0,1407169.0,815.0,815.0,811.0,811.0,811.0,803.0
816,2021.01.13,48300.0,1700.0,49700.0,51600.0,47650.0,808830.0,816.0,816.0,812.0,812.0,812.0,804.0
817,2021.01.12,50000.0,5600.0,54200.0,55300.0,50000.0,1339474.0,817.0,817.0,813.0,813.0,813.0,805.0
818,2021.01.11,55600.0,1800.0,52600.0,58400.0,49400.0,3877890.0,818.0,818.0,814.0,814.0,814.0,806.0
819,2021.01.08,53800.0,3700.0,57700.0,60800.0,52200.0,1960096.0,819.0,819.0,815.0,815.0,815.0,807.0
820,2021.01.07,57500.0,4000.0,61500.0,63200.0,56300.0,2278934.0,820.0,820.0,816.0,816.0,816.0,808.0
821,2021.01.06,61500.0,800.0,59500.0,66500.0,58200.0,5597711.0,821.0,821.0,817.0,817.0,817.0,809.0
822,2021.01.05,60700.0,7200.0,56800.0,68600.0,56000.0,10781515.0,822.0,822.0,818.0,818.0,818.0,810.0
823,2021.01.04,53500.0,10150.0,44600.0,56300.0,44100.0,10424954.0,823.0,823.0,819.0,819.0,819.0,811.0
824,2020.12.30,43350.0,1400.0,42700.0,45400.0,42000.0,3701023.0,824.0,824.0,820.0,820.0,820.0,812.0
825,2020.12.29,41950.0,2550.0,39950.0,42500.0,39850.0,1835474.0,825.0,825.0,821.0,821.0,821.0,813.0
826,2020.12.28,39400.0,300.0,39500.0,41500.0,39150.0,1098570.0,826.0,826.0,822.0,822.0,822.0,814.0
827,2020.12.24,39700.0,550.0,40650.0,42200.0,38000.0,2172881.0,827.0,827.0,823.0,823.0,823.0,815.0
828,2020.12.23,40250.0,7100.0,46550.0,48750.0,40250.0,5507710.0,828.0,828.0,824.0,824.0,824.0,816.0
829,2020.12.22,47350.0,9350.0,39150.0,49000.0,38800.0,15681295.0,829.0,829.0,825.0,825.0,825.0,817.0
830,2020.12.21,38000.0,1300.0,37800.0,38600.0,37100.0,616075.0,830.0,830.0,826.0,826.0,826.0,818.0
831,2020.12.18,36700.0,750.0,36900.0,38650.0,35400.0,1933996.0,831.0,831.0,827.0,827.0,827.0,819.0
832,2020.12.17,37450.0,1600.0,38550.0,39950.0,37450.0,681360.0,832.0,832.0,828.0,828.0,828.0,820.0
833,2020.12.16,39050.0,250.0,39700.0,41350.0,39050.0,959298.0,833.0,833.0,829.0,829.0,829.0,821.0
834,2020.12.15,39300.0,1300.0,38250.0,42500.0,38050.0,2885576.0,834.0,834.0,830.0,830.0,830.0,822.0
835,2020.12.14,38000.0,200.0,37550.0,41300.0,36900.0,2142038.0,835.0,835.0,831.0,831.0,831.0,823.0
836,2020.12.11,37800.0,1000.0,39100.0,39550.0,37800.0,429700.0,836.0,836.0,832.0,832.0,832.0,824.0
837,2020.12.10,38800.0,1450.0,39350.0,40750.0,38550.0,591366.0,837.0,837.0,833.0,833.0,833.0,825.0
838,2020.12.09,40250.0,1250.0,39800.0,41200.0,36000.0,1370844.0,838.0,838.0,834.0,834.0,834.0,826.0
839,2020.12.08,39000.0,900.0,40500.0,41400.0,39000.0,809357.0,839.0,839.0,835.0,835.0,835.0,827.0
840,2020.12.07,39900.0,0.0,39900.0,42050.0,38700.0,1168419.0,840.0,840.0,836.0,836.0,836.0,828.0
841,2020.12.04,39900.0,200.0,39600.0,41900.0,39600.0,1190969.0,841.0,841.0,837.0,837.0,837.0,829.0
842,2020.12.03,40100.0,2900.0,42700.0,43350.0,39900.0,1114584.0,842.0,842.0,838.0,838.0,838.0,830.0
843,2020.12.02,43000.0,350.0,43000.0,45100.0,42500.0,2635716.0,843.0,843.0,839.0,839.0,839.0,831.0
844,2020.12.01,43350.0,3500.0,46050.0,47300.0,42800.0,4359531.0,844.0,844.0,840.0,840.0,840.0,832.0
845,2020.11.30,46850.0,7550.0,39000.0,51000.0,38300.0,14507558.0,845.0,845.0,841.0,841.0,841.0,833.0
846,2020.11.27,39300.0,950.0,40150.0,41650.0,39000.0,2277363.0,846.0,846.0,842.0,842.0,842.0,834.0
847,2020.11.26,38350.0,1400.0,39100.0,43350.0,38350.0,3420886.0,847.0,847.0,843.0,843.0,843.0,835.0
848,2020.11.25,39750.0,3100.0,43500.0,44300.0,38600.0,3649807.0,848.0,848.0,844.0,844.0,844.0,836.0
849,2020.11.24,42850.0,2150.0,44000.0,51100.0,41600.0,13946114.0,849.0,849.0,845.0,845.0,845.0,837.0
850,2020.11.23,45000.0,7000.0,40650.0,49400.0,39750.0,17361370.0,850.0,850.0,846.0,846.0,846.0,838.0
851,2020.11.20,38000.0,8750.0,28800.0,38000.0,26750.0,18314082.0,851.0,851.0,847.0,847.0,847.0,839.0
852,2020.11.19,29250.0,2050.0,31350.0,32800.0,29150.0,3208818.0,852.0,852.0,848.0,848.0,848.0,840.0
853,2020.11.18,31300.0,1300.0,30000.0,37350.0,30000.0,16960911.0,853.0,853.0,849.0,849.0,849.0,841.0
